31
1 28
16.3125 10.8125 1.6 0.16
16.375 10.875 1.68 0.32
16.4375 10.9375 1.76 0.48
16.5 11 1.84 0.64
16.5625 11.0625 1.92 0.8
16.625 11.125 2 0.96
16.6875 11.1875 2.08 1.12
16.75 11.25 2.16 1.28
16.8125 11.3125 2.24 1.44
16.875 11.375 2.32 1.6
16.875 11.4375 2.4 1.76
16.8125 11.375 2.48 1.92
16.75 11.3125 2.56 2.08
16.6875 11.25 2.64 2.24
16.625 11.1875 2.72 2.4
16.5625 11.125 2.8 2.56
16.5 11.0625 2.88 2.72
16.4375 11 2.96 2.88
16.375 10.9375 3.04 3.04
16.3125 10.875 3.12 3.2
16.25 10.875 3.2 3.36
16.1875 10.875 3.28 3.52
16.125 10.9375 3.36 3.68
16.0625 10.9375 3.44 3.84
16 11 3.52 4
15.9375 11.0625 3.6 4.16
15.875 11.125 3.68 4.32
15.875 11.1875 3.76 4.48
2 50
15.875 11.1875 3.76 4.48
15.8125 11.25 3.84 3.71231
15.8125 11.25 3.92 3.71231
15.8125 11.25 4 4.26383
15.8125 11.3125 4.08 3.6391
15.875 11.3125 4.16 4.26383
15.875 11.375 4.24 3.5
15.875 11.375 4.32 3.98924
15.875 11.4375 4.4 3.94777
15.875 11.5 4.48 3.56797
15.875 11.5 4.56 4.02427
15.875 11.5625 4.64 3.92806
15.875 11.5625 4.72 3.81901
15.875 11.625 4.8 3.53915
15.9375 11.625 4.88 4.06079
15.9375 11.6875 4.96 3.41919
16 11.6875 5.04 4.06079
15.9375 11.75 5.12 3.81492
15.9375 11.8125 5.2 3.44828
15.9375 11.875 5.28 3.36341
15.9375 11.875 5.36 3.69
16 11.875 5.44 3.85977
16 11.9375 5.52 3.85775
16.0625 11.9375 5.6 3.73506
16 12 5.68 3.35876
16.0625 12 5.76 3.73296
16.0625 12.0625 5.84 3.85775
16.0625 12.125 5.92 3.35876
16.125 12.125 6 3.85775
16.125 12.1875 6.08 3.57649
16.125 12.25 6.16 3.57649
16.1875 12.25 6.24 3.57649
16.1875 12.3125 6.32 3.57649
16.25 12.3125 6.4 3.61312
16.25 12.375 6.48 3.61096
16.3125 12.375 6.56 3.57649
16.3125 12.4375 6.64 3.49202
16.3125 12.4375 6.72 3.61096
16.375 12.4375 6.8 3.61096
16.375 12.5 6.88 3.78208
16.4375 12.5 6.96 3.4678
16.4375 12.5625 7.04 3.73296
16.4375 12.5625 7.12 3.85775
16.4375 12.625 7.2 3.73296
16.5 12.6875 7.28 3.27156
16.5 12.6875 7.36 3.27156
16.5625 12.75 7.44 3.27156
16.5625 12.75 7.52 3.27156
16.5625 12.75 7.6 3.27156
16.625 12.8125 7.68 3.27156
3 46
16.625 12.8125 7.68 3.27156
16.6875 12.8125 7.68 3.1909
16.75 12.875 7.76 3.19803
16.8125 12.9375 7.84 3.18198
16.875 13 7.92 3.18198
16.9375 13 7.92 3.57911
17 13.0625 7.92 3.45167
17.0625 13.125 7.92 3.37615
17.125 13.1875 8 3.52
17.1875 13.25 8 3.23675
17.25 13.3125 8.08 3.36232
17.3125 13.375 8.08 3.24863
17.375 13.4375 8.16 3.36
17.4375 13.5 8.16 3.1732
17.5 13.5625 8.16 3.10098
17.5625 13.5625 8.16 3.0322
17.625 13.625 8.24 3.2
17.6875 13.625 8.24 3.2
17.75 13.6875 8.24 3.2
17.8125 13.6875 8.24 2.9729
17.875 13.75 8.24 2.898
17.9375 13.8125 8.32 3.04514
17.9375 13.875 8.32 2.97027
17.9375 13.9375 8.32 2.89838
18 14 8.32 2.83295
18.0625 14.0625 8.4 3.04
18.125 14.0625 8.4 3.04
18.1875 14.0625 8.4 3.04
18.25 14.125 8.4 3.04
18.3125 14.1875 8.4 3.04
18.375 14.25 8.48 3.04
18.4375 14.3125 8.48 3.04
18.4375 14.375 8.48 3.04
18.4375 14.4375 8.48 3.04
18.4375 14.5 8.48 3.04
18.5 14.5625 8.48 3.04
18.5625 14.625 8.56 2.90431
18.625 14.625 8.56 2.90431
18.6875 14.6875 8.56 3.04
18.75 14.75 8.56 3.04
18.8125 14.8125 8.56 3.04
18.875 14.875 8.64 2.85728
18.9375 14.9375 8.64 2.90069
19 15 8.64 3.20244
19.0625 15.0625 8.64 3.10098
19.125 15.125 8.72 3.04559
4 53
16.5625 12.75 7.76 3.27156
16.5 12.75 7.76 3.186
16.4375 12.75 7.84 3.09485
16.375 12.75 7.92 3.00946
16.3125 12.75 7.92 2.92254
16.25 12.6875 7.92 2.83295
16.1875 12.75 8 2.74146
16.125 12.75 8.08 3.08338
16.0625 12.75 8.08 2.65165
16 12.75 8.08 2.375
15.9375 12.75 8.16 2.38812
15.875 12.75 8.24 2.2981
15.8125 12.75 8.32 2.56305
15.75 12.6875 8.4 2.03485
15.6875 12.6875 8.48 1.95112
15.625 12.6875 8.56 2.09257
15.5625 12.6875 8.64 1.97183
15.5 12.6875 8.72 1.86544
15.4375 12.6875 8.8 1.70927
15.375 12.6875 8.88 1.52573
15.3125 12.6875 8.96 1.54759
15.25 12.625 9.04 1.62432
15.1875 12.625 9.12 1.55049
15.125 12.6875 9.2 1.55049
15.0625 12.75 9.28 1.50147
15 12.8125 9.36 1.50147
14.9375 12.8125 9.44 1.32877
14.875 12.875 9.52 1.50147
14.875 12.8125 9.6 1.4431
14.8125 12.875 9.68 1.43767
14.75 12.9375 9.76 1.43059
14.6875 12.9375 9.84 1.38622
14.6875 13 9.92 1.43059
14.625 13 10 1.28062
14.625 13 10.08 1.31685
14.5625 13 10.16 1.42128
14.5 13 10.24 1.23744
14.5 13.0625 10.32 1.36921
14.5 13.125 10.4 1.42128
14.4375 13.125 10.48 1.36921
14.4375 13.1875 10.56 1.42128
14.375 13.1875 10.64 1.23744
14.375 13.25 10.72 1.26219
14.3125 13.25 10.8 1.27465
14.25 13.3125 10.88 1.29893
14.25 13.375 10.96 1.42128
14.1875 13.375 11.04 1.29893
14.125 13.4375 11.12 1.27465
14.125 13.5 11.2 1.24362
14.0625 13.5625 11.28 1.24362
14.0625 13.625 11.36 1.27465
14 13.6875 11.44 1.34792
14 13.75 11.52 1.35371
5 175
16.5625 12.75 7.76 3.27156
16.625 12.8125 7.84 3.10906
16.6875 12.875 7.92 3.09485
16.6875 12.875 8 3.32754
16.6875 12.875 8.08 3.21405
16.6875 12.875 8.16 3.13658
16.6875 12.875 8.24 3.16844
16.6875 12.875 8.32 3.0322
16.6875 12.875 8.4 2.89838
16.6875 12.875 8.48 2.76735
16.6875 12.875 8.56 2.63951
16.6875 12.875 8.64 2.43968
16.6875 12.875 8.72 2.1792
16.625 12.875 8.8 2.15873
16.5625 12.8125 8.88 2.03039
16.5625 12.8125 8.96 1.86544
16.5625 12.75 9.04 1.82735
16.5625 12.6875 9.12 1.62912
16.5625 12.625 9.2 1.55049
16.5625 12.5625 9.28 1.36921
16.5625 12.5625 9.36 1.26219
16.5625 12.625 9.44 1.24362
16.625 12.5625 9.52 1.01715
16.625 12.5625 9.6 0.924878
16.625 12.5625 9.68 0.852877
16.625 12.5625 9.76 1.0152
16.625 12.5625 9.84 0.894553
16.6875 12.5 9.92 0.854634
16.6875 12.5625 10 0.724983
16.75 12.5625 10.08 0.812158
16.75 12.625 10.16 0.741772
16.8125 12.6875 10.24 0.658426
16.875 12.6875 10.32 0.593633
16.875 12.75 10.4 0.621812
16.9375 12.8125 10.48 0.658426
16.9375 12.875 10.48 0.687095
17 12.9375 10.56 0.658426
17.0625 13 10.64 0.55394
17.125 13.0625 10.72 0.652093
17.0625 13.125 10.72 0.621812
17.125 13.1875 10.8 0.609118
17.1875 13.25 10.88 0.609118
17.1875 13.3125 10.88 0.621812
17.25 13.375 10.96 0.609118
17.25 13.4375 10.96 0.609118
17.3125 13.5 11.04 0.609118
17.375 13.5625 11.12 0.508576
17.375 13.625 11.2 0.55545
17.375 13.6875 11.2 0.609118
17.4375 13.75 11.28 0.609118
17.5 13.8125 11.36 0.609118
17.5625 13.875 11.44 0.609118
17.625 13.9375 11.52 0.609118
17.6875 14 11.6 0.55545
17.75 14.0625 11.68 0.55545
17.8125 14.125 11.76 0.55545
17.875 14.1875 11.84 0.609118
17.9375 14.25 11.92 0.609118
18 14.25 12 0.508576
18.0625 14.3125 12.08 0.55545
18.0625 14.375 12.16 0.508576
18.125 14.4375 12.24 0.609118
18.1875 14.4375 12.32 0.508576
18.25 14.4375 12.4 0.478252
18.25 14.5 12.48 0.508576
18.3125 14.5 12.56 0.55394
18.375 14.5625 12.64 0.492976
18.375 14.5625 12.72 0.450694
18.4375 14.5625 12.8 0.541202
18.5 14.5625 12.88 0.395285
18.5 14.625 12.96 0.375
18.5 14.625 13.04 0.388072
18.5625 14.5625 13.12 0.375
18.5625 14.5625 13.2 0.388072
18.625 14.5625 13.28 0.476865
18.6875 14.625 13.36 0.541202
18.6875 14.6875 13.44 0.478252
18.75 14.6875 13.52 0.478252
18.75 14.6875 13.6 0.53033
18.75 14.75 13.68 0.508576
18.8125 14.6875 13.76 0.53033
18.8125 14.75 13.84 0.55394
18.875 14.75 13.92 0.621812
18.9375 14.75 14 0.621812
18.9375 14.8125 14.08 0.619395
19 14.8125 14.16 0.621812
19 14.875 14.24 0.619395
19.0625 14.875 14.32 0.741772
19.125 14.875 14.4 0.741772
19.125 14.875 14.48 0.658426
19.1875 14.875 14.56 0.619395
19.1875 14.9375 14.64 0.715297
19.1875 15 14.72 0.715297
19.25 15 14.8 0.715297
19.25 15 14.88 0.606651
19.25 15.0625 14.96 0.693109
19.3125 15.0625 15.04 0.715297
19.3125 15.125 15.12 0.625
19.3125 15.125 15.2 0.715297
19.375 15.1875 15.28 0.715297
19.375 15.25 15.36 0.625
19.375 15.25 15.44 0.715297
19.4375 15.25 15.52 0.715297
19.4375 15.3125 15.6 0.625
19.4375 15.375 15.68 0.715297
19.4375 15.375 15.76 0.715297
19.4375 15.4375 15.84 0.715297
19.4375 15.4375 15.92 0.619395
19.4375 15.5 16 0.619395
19.4375 15.5625 16.08 0.619395
19.4375 15.625 16.16 0.619395
19.4375 15.6875 16.24 0.619395
19.4375 15.6875 16.32 0.621812
19.4375 15.75 16.4 0.658426
19.4375 15.8125 16.48 0.658426
19.375 15.875 16.56 0.658426
19.375 15.875 16.64 0.619395
19.375 15.9375 16.72 0.619395
19.3125 16 16.8 0.658426
19.3125 16 16.88 0.619395
19.3125 16.0625 16.96 0.625
19.25 16.125 17.04 0.625
19.25 16.125 17.12 0.625
19.25 16.1875 17.2 0.715297
19.1875 16.1875 17.28 0.625
19.1875 16.25 17.36 0.715297
19.1875 16.3125 17.44 0.715297
19.1875 16.3125 17.52 0.625
19.125 16.375 17.6 0.645155
19.125 16.375 17.68 0.715297
19.125 16.4375 17.76 0.625
19.0625 16.4375 17.84 0.707107
19.0625 16.4375 17.92 0.715297
19 16.4375 18 0.625
19 16.5 18.08 0.693109
18.9375 16.5 18.16 0.645155
18.9375 16.5 18.24 0.693109
18.9375 16.5625 18.32 0.625
18.875 16.5625 18.4 0.715297
18.8125 16.5625 18.48 0.693109
18.8125 16.5625 18.56 0.812158
18.75 16.5625 18.64 0.693109
18.75 16.5625 18.72 0.812158
18.6875 16.5625 18.8 0.70429
18.6875 16.5625 18.88 0.724983
18.6875 16.5625 18.96 0.645155
18.625 16.5625 19.04 0.821721
18.625 16.5625 19.12 0.702157
18.5625 16.5 19.2 0.736817
18.5625 16.5625 19.28 0.724983
18.5 16.5 19.36 0.724983
18.5 16.5 19.44 0.776144
18.5 16.5 19.52 0.75
18.4375 16.4375 19.6 0.724983
18.4375 16.4375 19.68 0.776144
18.4375 16.4375 19.76 0.728869
18.4375 16.375 19.84 0.854634
18.4375 16.375 19.92 0.95373
18.4375 16.375 20 0.800391
18.4375 16.3125 20.08 0.854634
18.4375 16.3125 20.16 0.800391
18.4375 16.25 20.24 0.95373
18.4375 16.25 20.32 0.883883
18.4375 16.25 20.4 0.883883
18.4375 16.1875 20.48 0.883883
18.4375 16.125 20.56 1.02286
18.4375 16.125 20.64 0.898248
18.4375 16.125 20.72 0.883883
18.4375 16.0625 20.8 0.883883
18.5 16.0625 20.88 0.883883
18.5 16.0625 20.96 0.95373
18.5625 16 21.04 1.02286
18.5625 16 21.12 0.95373
18.625 16 21.2 0.969974
18.6875 15.9375 21.28 0.95373
6 80
18.875 19.375 4.88 3.27425
18.875 19.3125 4.96 3.27425
18.9375 19.3125 5.04 3.27425
18.9375 19.3125 5.12 3.16694
18.9375 19.25 5.2 3.16694
18.9375 19.1875 5.28 3.20918
19 19.1875 5.36 3.16694
19 19.125 5.44 3.13232
19 19.0625 5.52 3.0052
19.0625 19.0625 5.6 3.45167
19.125 19 5.68 3.45167
19.1875 19 5.76 3.20918
19.25 19 5.84 3.15765
19.3125 18.9375 5.92 3.32704
19.25 18.875 6 2.91815
19.3125 18.8125 6.08 3.25824
19.375 18.75 6.16 3.25103
19.4375 18.75 6.24 3.24863
19.5 18.6875 6.32 2.72779
19.5 18.6875 6.4 2.69474
19.5625 18.625 6.48 2.67089
19.5625 18.625 6.56 3.04559
19.625 18.5625 6.64 2.65165
19.625 18.5625 6.72 2.56479
19.6875 18.5 6.8 2.97027
19.75 18.4375 6.8 2.73841
19.75 18.375 6.88 2.48004
19.75 18.3125 6.96 2.47487
19.8125 18.25 7.04 2.7125
19.8125 18.1875 7.12 2.35173
19.875 18.125 7.12 2.35173
19.875 18.0625 7.2 2.39883
19.875 18 7.28 2.42613
19.875 18 7.36 2.49451
19.875 17.9375 7.44 2.49451
19.875 17.875 7.52 2.44709
19.8125 17.8125 7.6 2.63951
19.875 17.75 7.6 2.44709
19.8125 17.6875 7.68 2.45217
19.875 17.625 7.68 2.45217
19.875 17.5625 7.76 2.43428
19.8125 17.5 7.84 2.43428
19.8125 17.4375 7.84 2.48725
19.875 17.375 7.84 2.63951
19.875 17.3125 7.84 2.44288
19.8125 17.25 7.92 2.48725
19.875 17.1875 7.92 2.63951
19.8125 17.125 8 2.63951
19.8125 17.0625 8 2.56749
19.8125 17 8.08 2.63951
19.8125 16.9375 8.08 2.63951
19.8125 16.875 8.08 2.64247
19.8125 16.8125 8.08 2.69585
19.75 16.75 8.16 2.60087
19.75 16.6875 8.16 2.59786
19.75 16.625 8.24 2.65059
19.75 16.5625 8.24 2.65133
19.6875 16.5 8.24 2.69585
19.6875 16.4375 8.24 2.69585
19.6875 16.375 8.24 2.59786
19.6875 16.3125 8.24 2.66602
19.6875 16.25 8.24 2.65133
19.625 16.1875 8.32 2.69585
19.625 16.125 8.32 2.69585
19.625 16.0625 8.32 2.69585
19.5625 16 8.4 2.69585
19.5 15.9375 8.4 2.69585
19.5 15.875 8.4 2.76735
19.4375 15.8125 8.48 2.69875
19.375 15.75 8.48 2.76735
19.3125 15.6875 8.48 2.76735
19.3125 15.625 8.48 2.76735
19.25 15.5625 8.56 2.77017
19.1875 15.5 8.56 2.89838
19.1875 15.4375 8.56 2.90108
19.1875 15.375 8.56 2.97027
19.1875 15.3125 8.56 3.2
19.1875 15.25 8.56 3.2
19.125 15.1875 8.64 3.04816
19.125 15.125 8.72 3.04559
7 54
19.125 15.125 8.72 3.04559
19.125 15.125 8.8 2.8453
19.125 15.1875 8.88 2.71825
19.125 15.1875 8.96 2.63951
19.125 15.1875 9.04 2.42671
19.125 15.125 9.12 2.31249
19.1875 15.0625 9.2 2.11335
19.25 15.0625 9.28 2.01882
19.1875 15.125 9.36 1.95991
19.25 15.0625 9.44 1.78911
19.25 15.0625 9.52 1.67836
19.3125 15.0625 9.6 1.66903
19.3125 15.0625 9.68 1.56616
19.3125 15.0625 9.76 1.47352
19.3125 15.0625 9.84 1.39314
19.375 15.0625 9.92 1.24774
19.375 15.0625 10 1.23744
19.375 15.0625 10.08 1.23744
19.4375 15.0625 10.16 1.1635
19.5 15.0625 10.24 1.1635
19.4375 15.125 10.32 1.125
19.4375 15.125 10.4 1.16422
19.4375 15.1875 10.48 1.04995
19.5 15.1875 10.56 1.29893
19.4375 15.25 10.64 1.08408
19.4375 15.25 10.72 1.19216
19.375 15.3125 10.8 1.19216
19.4375 15.375 10.88 1.21824
19.4375 15.375 10.96 1.24362
19.4375 15.4375 11.04 1.22463
19.4375 15.5 11.12 1.16422
19.4375 15.5625 11.2 1.22463
19.4375 15.625 11.28 1.18559
19.4375 15.625 11.36 1.18559
19.4375 15.6875 11.44 1.0879
19.4375 15.75 11.52 1.07266
19.375 15.75 11.6 1.10788
19.4375 15.8125 11.68 1.19216
19.375 15.875 11.76 1.19216
19.375 15.875 11.84 1.21824
19.375 15.9375 11.92 1.19216
19.3125 15.9375 12 1
19.3125 16 12.08 1
19.3125 16.0625 12.16 0.976281
19.3125 16.0625 12.24 1.09659
19.25 16.125 12.32 0.985951
19.3125 16.1875 12.4 1.04553
19.25 16.25 12.48 0.815414
19.25 16.3125 12.56 0.766877
19.3125 16.3125 12.64 0.800391
19.25 16.375 12.72 0.776997
19.25 16.375 12.8 0.824939
19.25 16.375 12.88 0.875
19.25 16.4375 12.96 0.875
8 34
14 13.8125 11.52 1.28866
14 13.875 11.52 1.23289
14 13.9375 11.52 1.21824
14 14 11.52 1.14552
14 14.0625 11.6 1.12695
13.9375 14.125 11.6 1.02286
13.9375 14.1875 11.68 0.992018
13.875 14.25 11.68 1.0152
13.875 14.3125 11.76 0.943398
13.8125 14.375 11.76 0.951643
13.8125 14.4375 11.84 1.0152
13.8125 14.5 11.92 0.894553
13.875 14.5625 12 1.0152
13.875 14.625 12.08 0.95373
13.875 14.6875 12.16 0.943398
13.875 14.75 12.24 0.894553
13.875 14.8125 12.32 0.95373
13.9375 14.875 12.4 0.854634
13.875 14.875 12.48 0.95373
13.875 14.9375 12.56 0.95373
13.875 15 12.64 0.95373
13.8125 15 12.72 0.883883
13.8125 15.0625 12.8 0.790569
13.8125 15.0625 12.88 0.883883
13.8125 15.125 12.96 0.95373
13.75 15.125 13.04 0.800391
13.75 15.1875 13.12 0.883883
13.6875 15.1875 13.2 0.800391
13.6875 15.1875 13.28 0.816226
13.6875 15.25 13.36 0.903244
13.625 15.25 13.44 0.95373
13.5625 15.25 13.52 0.854634
13.5625 15.3125 13.6 0.75
13.5 15.3125 13.68 0.75
9 147
14 13.75 11.6 1.25176
13.9375 13.6875 11.68 1.06066
14 13.6875 11.76 1.04553
13.9375 13.625 11.84 1.0152
13.875 13.625 11.92 0.800391
13.875 13.625 12 0.788051
13.875 13.625 12.08 0.702157
13.875 13.625 12.16 0.645155
13.875 13.625 12.24 0.625
13.875 13.625 12.32 0.625
13.875 13.625 12.4 0.625
13.8125 13.5625 12.48 0.625
13.8125 13.5625 12.56 0.625
13.8125 13.5625 12.64 0.619395
13.8125 13.5625 12.72 0.55394
13.75 13.5625 12.8 0.53033
13.75 13.5625 12.88 0.55394
13.75 13.5625 12.96 0.55394
13.6875 13.5625 13.04 0.539653
13.6875 13.5625 13.12 0.552743
13.625 13.5625 13.2 0.5
13.625 13.5625 13.28 0.53033
13.5625 13.5625 13.36 0.621812
13.5625 13.5625 13.44 0.658426
13.5625 13.5625 13.52 0.715297
13.5625 13.5625 13.6 0.658426
13.5 13.5 13.68 0.715297
13.5 13.5 13.76 0.625
13.4375 13.5 13.84 0.645155
13.4375 13.5 13.92 0.625
13.4375 13.5 14 0.625
13.375 13.5 14.08 0.645155
13.375 13.5 14.16 0.707107
13.375 13.5 14.24 0.715297
13.3125 13.5 14.32 0.625
13.3125 13.5 14.4 0.645155
13.3125 13.5625 14.48 0.625
13.25 13.5625 14.56 0.625
13.25 13.5625 14.64 0.645155
13.25 13.5625 14.72 0.707107
13.25 13.5625 14.8 0.707107
13.25 13.625 14.88 0.625
13.25 13.625 14.96 0.715297
13.25 13.6875 15.04 0.625
13.1875 13.6875 15.12 0.693109
13.1875 13.75 15.2 0.715297
13.1875 13.8125 15.28 0.715297
13.1875 13.875 15.36 0.715297
13.1875 13.9375 15.44 0.715297
13.1875 14 15.52 0.715297
13.1875 14.0625 15.6 0.658426
13.1875 14.125 15.6 0.658426
13.1875 14.1875 15.68 0.658426
13.1875 14.25 15.76 0.658426
13.1875 14.3125 15.76 0.658426
13.1875 14.375 15.84 0.621812
13.125 14.4375 15.92 0.609118
13.125 14.5 15.92 0.658426
13.125 14.5625 16 0.609118
13.125 14.625 16 0.621812
13.125 14.6875 16.08 0.609118
13.125 14.75 16.08 0.658426
13.125 14.8125 16.08 0.652093
13.125 14.875 16.16 0.652093
13.0625 14.9375 16.16 0.658426
13.0625 15 16.24 0.609118
13.0625 15.0625 16.24 0.658426
13.0625 15.125 16.24 0.621812
13.0625 15.1875 16.32 0.652093
13.0625 15.25 16.32 0.687095
13.0625 15.3125 16.4 0.609118
13 15.375 16.4 0.619395
13 15.4375 16.4 0.596154
13 15.5 16.48 0.652093
13 15.5625 16.48 0.687095
12.9375 15.625 16.56 0.596154
13 15.6875 16.56 0.715297
12.9375 15.75 16.64 0.658426
13 15.8125 16.64 0.687095
12.9375 15.875 16.72 0.621812
12.9375 15.9375 16.72 0.658426
12.875 16 16.8 0.619395
12.9375 16.0625 16.8 0.687095
12.875 16.125 16.88 0.658426
12.875 16.1875 16.96 0.658426
12.875 16.25 17.04 0.715297
12.875 16.3125 17.12 0.715297
12.9375 16.375 17.2 0.619395
12.875 16.375 17.28 0.658426
12.875 16.4375 17.36 0.693109
12.9375 16.5 17.44 0.625
12.9375 16.5 17.52 0.625
12.9375 16.5625 17.6 0.625
12.875 16.5625 17.68 0.645155
12.875 16.5625 17.76 0.625
12.875 16.5625 17.84 0.625
12.875 16.5625 17.92 0.625
12.9375 16.625 18 0.625
12.875 16.625 18.08 0.625
12.9375 16.625 18.16 0.625
12.9375 16.625 18.24 0.625
12.9375 16.625 18.32 0.625
12.875 16.5625 18.4 0.625
12.9375 16.625 18.48 0.625
12.9375 16.5625 18.56 0.715297
13 16.5625 18.64 0.625
12.9375 16.5 18.72 0.645155
13 16.5 18.8 0.70429
13 16.5 18.88 0.707107
13.0625 16.4375 18.96 0.812158
13.0625 16.4375 19.04 0.707107
13.0625 16.375 19.12 0.724983
13.0625 16.375 19.2 0.776144
13.125 16.3125 19.28 0.724983
13.0625 16.3125 19.36 0.776144
13.125 16.25 19.44 0.724983
13.125 16.25 19.52 0.776144
13.125 16.25 19.6 0.788051
13.125 16.1875 19.68 0.776144
13.125 16.1875 19.76 0.724983
13.1875 16.125 19.84 0.788051
13.1875 16.125 19.92 0.724983
13.1875 16.0625 20 0.724983
13.1875 16.0625 20.08 0.776144
13.1875 16.0625 20.16 0.724983
13.1875 16 20.24 0.776144
13.1875 16 20.32 0.776144
13.1875 15.9375 20.4 0.776144
13.1875 15.9375 20.48 0.854634
13.1875 15.9375 20.56 0.800391
13.1875 15.875 20.64 0.776144
13.1875 15.875 20.72 0.854634
13.1875 15.875 20.8 0.776144
13.1875 15.8125 20.88 0.854634
13.1875 15.8125 20.96 0.800391
13.125 15.8125 21.04 0.760345
13.125 15.75 21.12 0.95373
13.125 15.75 21.2 0.894553
13.125 15.6875 21.28 0.95373
13.0625 15.6875 21.36 0.95373
13.0625 15.625 21.44 0.883883
13.0625 15.5625 21.52 0.800391
13 15.5625 21.6 1.0152
12.9375 15.5 21.68 0.95373
12.875 15.5625 21.76 1.0152
12.8125 15.5 21.84 1.0152
12.75 15.5 21.92 0.969974
10 80
18.6875 15.9375 21.28 0.95373
18.625 15.875 21.28 1.02286
18.625 15.8125 21.36 1.0152
18.625 15.75 21.44 0.894553
18.5625 15.6875 21.52 0.821721
18.5625 15.625 21.6 0.812158
18.5625 15.5625 21.68 0.812158
18.5 15.5 21.76 0.539653
18.5 15.5 21.84 0.621812
18.5 15.4375 21.92 0.609118
18.5 15.375 22 0.609118
18.5625 15.3125 22.08 0.609118
18.5 15.25 22.16 0.492976
18.5 15.1875 22.24 0.407707
18.5625 15.125 22.32 0.406079
18.5625 15.0625 22.4 0.406079
18.5625 15 22.48 0.406079
18.5625 14.9375 22.56 0.322064
18.5625 14.875 22.64 0.279508
18.625 14.8125 22.64 0.343548
18.625 14.75 22.72 0.343548
18.625 14.6875 22.72 0.343548
18.6875 14.625 22.8 0.343548
18.6875 14.5625 22.88 0.343548
18.6875 14.5 22.88 0.296816
18.6875 14.4375 22.96 0.32
18.75 14.375 22.96 0.32
18.8125 14.3125 23.04 0.343548
18.8125 14.25 23.12 0.32
18.875 14.1875 23.12 0.279508
18.9375 14.125 23.2 0.238432
19 14.125 23.2 0.32
19.0625 14.0625 23.28 0.238432
19.125 14.0625 23.28 0.32
19.1875 14.0625 23.28 0.32
19.25 14.0625 23.36 0.238432
19.3125 14.0625 23.36 0.32
19.375 14.0625 23.36 0.32
19.4375 14 23.44 0.32
19.5 14 23.44 0.32
19.5625 14 23.44 0.238432
19.625 14 23.52 0.238432
19.6875 14 23.52 0.25
19.75 14.0625 23.52 0.32
19.8125 14.0625 23.6 0.203039
19.875 14.0625 23.6 0.238432
19.9375 14.0625 23.6 0.238432
20 14.125 23.68 0.238432
20.0625 14.125 23.68 0.32
20.125 14.125 23.68 0.238432
20.1875 14.1875 23.76 0.238432
20.25 14.25 23.76 0.32
20.3125 14.3125 23.84 0.238432
20.375 14.3125 23.84 0.32
20.4375 14.375 23.92 0.296816
20.5 14.4375 24 0.238432
20.5625 14.4375 24 0.343548
20.625 14.5 24.08 0.238432
20.6875 14.5 24.16 0.296816
20.75 14.5 24.24 0.25
20.8125 14.5625 24.32 0.279508
20.8125 14.5625 24.4 0.296816
20.875 14.5625 24.48 0.296816
20.875 14.5625 24.56 0.279508
20.9375 14.625 24.64 0.406079
20.9375 14.625 24.72 0.353553
20.9375 14.625 24.8 0.353553
20.9375 14.6875 24.88 0.353553
20.9375 14.6875 24.96 0.353553
20.9375 14.6875 25.04 0.353553
20.9375 14.6875 25.12 0.353553
20.9375 14.625 25.2 0.353553
20.875 14.6875 25.28 0.406079
20.875 14.625 25.36 0.322064
20.875 14.625 25.44 0.343548
20.8125 14.625 25.52 0.296816
20.75 14.6875 25.6 0.296816
20.75 14.625 25.68 0.25
20.6875 14.6875 25.76 0.25
20.625 14.6875 25.84 0.296816
11 62
18.6875 15.9375 21.28 0.95373
18.75 15.9375 21.36 0.97614
18.8125 16 21.36 0.894553
18.875 16.0625 21.44 0.831174
18.9375 16.125 21.52 0.812158
19 16.1875 21.6 0.812158
19.0625 16.25 21.68 0.831174
19.125 16.3125 21.76 0.812158
19.1875 16.375 21.84 0.788051
19.25 16.4375 21.92 0.728869
19.25 16.4375 22 0.728869
19.3125 16.5 22.08 0.724983
19.3125 16.5 22.16 0.645155
19.375 16.5 22.24 0.637377
19.375 16.5 22.32 0.715297
19.375 16.5 22.4 0.621812
19.4375 16.5 22.48 0.552743
19.5 16.5625 22.56 0.478252
19.5 16.5625 22.64 0.450694
19.5625 16.5625 22.72 0.53033
19.5625 16.5625 22.8 0.450694
19.5625 16.5625 22.88 0.450694
19.5625 16.5625 22.96 0.450694
19.5625 16.5625 23.04 0.450694
19.5625 16.5625 23.12 0.450694
19.5625 16.5625 23.2 0.450694
19.5 16.5625 23.28 0.388072
19.4375 16.5 23.36 0.388072
19.4375 16.5 23.44 0.424882
19.375 16.4375 23.52 0.476865
19.3125 16.375 23.6 0.424882
19.25 16.3125 23.68 0.424882
19.1875 16.25 23.76 0.406079
19.125 16.25 23.76 0.424882
19.0625 16.1875 23.84 0.406079
19.0625 16.125 23.84 0.406079
19 16.0625 23.92 0.406079
19 16 23.92 0.406079
18.9375 15.9375 24 0.406079
18.875 15.875 24 0.406079
18.8125 15.8125 24.08 0.406079
18.875 15.75 24.08 0.406079
18.8125 15.6875 24.16 0.406079
18.75 15.6875 24.16 0.406079
18.6875 15.625 24.16 0.365582
18.6875 15.5625 24.24 0.406079
18.625 15.5 24.32 0.406079
18.5625 15.4375 24.4 0.406079
18.5 15.375 24.48 0.406079
18.4375 15.3125 24.56 0.388072
18.4375 15.25 24.64 0.424882
18.4375 15.1875 24.72 0.388072
18.375 15.1875 24.8 0.476865
18.375 15.125 24.88 0.476865
18.375 15.125 24.96 0.426439
18.375 15.125 25.04 0.407707
18.375 15.0625 25.12 0.395285
18.375 15.0625 25.2 0.426439
18.375 15.0625 25.28 0.450694
18.375 15.0625 25.36 0.395285
18.375 15.0625 25.44 0.395285
18.375 15.125 25.52 0.375
12 175
29.6875 15.0625 10.88 0.16
29.625 15 10.88 0.16
29.5625 14.9375 10.88 0.238432
29.5 14.875 10.96 0.343548
29.4375 14.9375 10.96 0.365582
29.375 14.875 10.96 0.424882
29.3125 14.875 10.96 0.48
29.25 14.875 10.96 0.48
29.1875 14.875 11.04 0.476865
29.125 14.9375 11.04 0.64
29.0625 14.9375 11.04 0.55545
29 14.875 11.12 0.609118
28.9375 14.9375 11.12 0.541202
28.875 14.9375 11.2 0.541202
28.8125 14.875 11.2 0.541202
28.75 14.875 11.28 0.609118
28.6875 14.9375 11.28 0.55545
28.625 14.875 11.36 0.609118
28.5625 14.8125 11.36 0.55545
28.5 14.875 11.44 0.541202
28.4375 14.8125 11.44 0.55545
28.375 14.8125 11.52 0.492976
28.3125 14.8125 11.52 0.55545
28.25 14.875 11.6 0.541202
28.1875 14.875 11.6 0.64
28.125 14.875 11.6 0.64
28.0625 14.875 11.6 0.64
28 14.875 11.68 0.621812
27.9375 14.875 11.68 0.663965
27.875 14.875 11.68 0.741772
27.8125 14.9375 11.68 0.687095
27.75 14.9375 11.76 0.593633
27.6875 14.9375 11.76 0.715297
27.625 14.9375 11.84 0.741772
27.5625 14.9375 11.84 0.715297
27.5 14.9375 11.92 0.741772
27.4375 14.9375 11.92 0.741772
27.375 14.9375 11.92 0.741772
27.3125 15 11.92 0.581464
27.25 15 11.92 0.741772
27.1875 15 12 0.715297
27.125 15 12.08 0.687095
27.0625 15.0625 12.08 0.593633
27 15.0625 12.08 0.8
26.9375 15.0625 12.08 0.693109
26.875 15.0625 12.08 0.715297
26.8125 15.0625 12.16 0.698373
26.75 15.0625 12.16 0.621812
26.6875 15.125 12.24 0.609118
26.625 15.1875 12.32 0.48
26.5625 15.1875 12.32 0.496009
26.5 15.25 12.32 0.496009
26.4375 15.3125 12.4 0.492976
26.375 15.3125 12.4 0.492976
26.3125 15.375 12.48 0.492976
26.25 15.375 12.48 0.426439
26.1875 15.375 12.48 0.407707
26.125 15.375 12.48 0.426439
26.0625 15.375 12.48 0.478252
26 15.375 12.48 0.55545
25.9375 15.4375 12.56 0.492976
25.875 15.375 12.48 0.609118
25.8125 15.375 12.48 0.609118
25.75 15.4375 12.56 0.609118
25.6875 15.4375 12.56 0.621812
25.625 15.4375 12.56 0.687095
25.5625 15.4375 12.56 0.559017
25.5 15.4375 12.56 0.515388
25.4375 15.4375 12.64 0.524976
25.375 15.4375 12.64 0.524976
25.3125 15.5 12.64 0.658426
25.25 15.5 12.72 0.644127
25.1875 15.5625 12.72 0.741772
25.125 15.5625 12.72 0.741772
25.0625 15.5 12.8 0.693109
25 15.5625 12.8 0.809707
24.9375 15.5625 12.8 0.812158
24.875 15.5625 12.8 0.812158
24.8125 15.5625 12.8 0.809707
24.75 15.5625 12.88 0.812158
24.6875 15.5625 12.88 0.821721
24.625 15.5625 12.88 0.673146
24.5625 15.625 12.88 0.809707
24.5 15.625 12.96 0.75223
24.4375 15.625 12.96 0.673146
24.375 15.625 12.96 0.637377
24.3125 15.625 13.04 0.645155
24.25 15.6875 13.04 0.88353
24.1875 15.6875 13.04 0.96
24.125 15.6875 13.04 0.88353
24.0625 15.6875 13.12 0.728869
24 15.75 13.12 0.96
23.9375 15.75 13.12 0.96
23.875 15.8125 13.12 0.96
23.8125 15.8125 13.12 0.88353
23.75 15.8125 13.2 0.96
23.6875 15.8125 13.2 0.968104
23.625 15.875 13.2 0.96
23.5625 15.875 13.2 0.96
23.5 15.9375 13.2 0.96
23.4375 15.9375 13.28 0.96
23.375 15.9375 13.28 0.96
23.3125 16 13.28 0.96
23.25 16 13.28 0.847423
23.1875 16 13.28 0.724983
23.125 16.0625 13.36 0.707107
23.0625 16.125 13.36 0.838153
23 16.125 13.36 0.707107
22.9375 16.1875 13.44 0.812158
22.875 16.25 13.44 0.812158
22.8125 16.3125 13.52 0.741772
22.75 16.25 13.52 0.812158
22.6875 16.3125 13.52 0.812158
22.625 16.375 13.6 0.812158
22.5625 16.4375 13.6 0.809707
22.5 16.4375 13.6 0.8
22.4375 16.5 13.68 0.812158
22.375 16.5 13.68 0.838153
22.3125 16.5 13.68 0.707107
22.25 16.5625 13.76 0.707107
22.25 16.625 13.76 0.809707
22.1875 16.6875 13.76 0.812158
22.125 16.75 13.84 0.812158
22.0625 16.8125 13.84 0.693109
22 16.875 13.92 0.741772
21.9375 16.9375 14 0.687095
21.875 16.9375 14 0.687095
21.8125 16.9375 14 0.619395
21.75 17 14.08 0.687095
21.6875 17 14.08 0.619395
21.625 17 14.08 0.552743
21.5625 17.0625 14.16 0.652093
21.5 17.0625 14.16 0.55394
21.4375 17.125 14.24 0.64
21.375 17.1875 14.24 0.652093
21.3125 17.1875 14.24 0.663965
21.25 17.1875 14.24 0.652093
21.1875 17.1875 14.24 0.552743
21.125 17.25 14.32 0.64
21.0625 17.25 14.32 0.621812
21 17.25 14.32 0.609118
20.9375 17.25 14.32 0.609118
20.875 17.25 14.32 0.621812
20.8125 17.25 14.32 0.658426
20.75 17.25 14.32 0.593633
20.6875 17.25 14.32 0.606651
20.625 17.25 14.32 0.606651
20.5625 17.3125 14.32 0.8
20.5 17.3125 14.32 0.8
20.4375 17.3125 14.32 0.8
20.375 17.3125 14.32 0.741772
20.3125 17.25 14.32 0.687095
20.25 17.1875 14.24 0.687095
20.1875 17.125 14.24 0.741772
20.125 17.125 14.24 0.809707
20.0625 17.0625 14.16 0.75223
20 17.0625 14.16 0.812158
19.9375 17 14.16 0.809707
19.875 17.0625 14.16 0.809707
19.8125 17 14.08 0.821721
19.75 16.9375 14.08 0.96
19.6875 16.875 14 0.943398
19.625 16.875 14 0.903244
19.5625 16.875 13.92 1.0152
19.5 16.8125 13.84 0.815414
19.4375 16.75 13.76 0.797904
19.4375 16.75 13.68 0.903244
19.375 16.6875 13.6 0.776997
19.375 16.75 13.52 0.815414
19.3125 16.6875 13.44 0.728869
19.3125 16.625 13.36 0.766877
19.25 16.5625 13.28 0.766877
19.25 16.5 13.2 0.815414
19.25 16.5 13.12 0.890449
19.25 16.4375 13.04 0.875
13 309
19.1875 16.5 12.96 1.0152
19.125 16.5625 12.88 0.728869
19.0625 16.5625 12.88 0.625
19 16.5625 12.96 0.55394
18.9375 16.625 12.96 0.407707
18.875 16.5625 13.04 0.406079
18.8125 16.5625 13.12 0.343548
18.75 16.5625 13.12 0.32
18.6875 16.5625 13.12 0.343548
18.625 16.5625 13.2 0.343548
18.5625 16.625 13.28 0.25
18.5 16.625 13.36 0.296816
18.4375 16.5625 13.44 0.296816
18.375 16.5625 13.52 0.343548
18.3125 16.625 13.6 0.296816
18.25 16.6875 13.68 0.25
18.25 16.6875 13.76 0.25
18.25 16.6875 13.84 0.25
18.25 16.6875 13.92 0.25
18.25 16.6875 14 0.25
18.25 16.75 14.08 0.25
18.25 16.75 14.16 0.25
18.3125 16.75 14.24 0.25
18.3125 16.8125 14.32 0.238432
18.375 16.75 14.4 0.279508
18.375 16.8125 14.48 0.296816
18.4375 16.8125 14.56 0.322064
18.5 16.8125 14.64 0.406079
18.5625 16.875 14.72 0.406079
18.625 16.875 14.8 0.406079
18.6875 16.9375 14.88 0.353553
18.6875 16.9375 14.96 0.353553
18.75 17 15.04 0.406079
18.75 17.0625 15.12 0.388072
18.75 17.125 15.2 0.406079
18.6875 17.1875 15.28 0.406079
18.6875 17.25 15.36 0.406079
18.625 17.3125 15.44 0.406079
18.5625 17.3125 15.52 0.353553
18.5625 17.375 15.6 0.365582
18.5 17.4375 15.68 0.353553
18.5 17.5 15.76 0.406079
18.5 17.5 15.84 0.353553
18.5 17.5625 15.92 0.353553
18.5 17.5625 16 0.322064
18.5 17.625 16.08 0.353553
18.5 17.6875 16.16 0.353553
18.4375 17.75 16.24 0.353553
18.4375 17.8125 16.32 0.353553
18.4375 17.8125 16.4 0.353553
18.375 17.875 16.48 0.353553
18.3125 17.9375 16.56 0.353553
18.3125 18 16.64 0.343548
18.25 18.0625 16.64 0.343548
18.1875 18.125 16.72 0.343548
18.125 18.1875 16.72 0.343548
18.0625 18.1875 16.8 0.343548
18 18.1875 16.8 0.406079
17.9375 18.25 16.88 0.343548
17.875 18.25 16.88 0.406079
17.8125 18.3125 16.96 0.424882
17.8125 18.375 17.04 0.424882
17.8125 18.4375 17.12 0.424882
17.8125 18.5 17.2 0.353553
17.75 18.5 17.28 0.388072
17.75 18.5625 17.36 0.424882
17.75 18.5625 17.44 0.375
17.75 18.5625 17.52 0.375
17.75 18.5625 17.6 0.375
17.75 18.5625 17.68 0.406079
17.6875 18.625 17.76 0.406079
17.6875 18.5625 17.84 0.375
17.625 18.5625 17.92 0.395285
17.5625 18.5625 18 0.388072
17.5 18.5625 18.08 0.406079
17.5 18.5 18.16 0.406079
17.4375 18.5 18.24 0.406079
17.375 18.5 18.32 0.406079
17.375 18.4375 18.4 0.353553
17.3125 18.5 18.48 0.406079
17.3125 18.4375 18.56 0.322064
17.25 18.5 18.64 0.353553
17.25 18.5 18.72 0.406079
17.25 18.5625 18.8 0.296816
17.3125 18.5 18.88 0.406079
17.3125 18.5625 18.96 0.322064
17.3125 18.5625 19.04 0.296816
17.375 18.5625 19.12 0.322064
17.375 18.5625 19.2 0.296816
17.4375 18.5625 19.28 0.353553
17.4375 18.625 19.36 0.353553
17.4375 18.5625 19.44 0.388072
17.4375 18.5625 19.52 0.365582
17.375 18.5 19.6 0.406079
17.375 18.4375 19.68 0.406079
17.3125 18.4375 19.76 0.365582
17.25 18.375 19.84 0.406079
17.1875 18.375 19.92 0.406079
17.1875 18.3125 20 0.406079
17.125 18.25 20.08 0.406079
17.125 18.25 20.16 0.406079
17.125 18.1875 20.24 0.424882
17.0625 18.1875 20.32 0.424882
17.125 18.125 20.4 0.353553
17.0625 18.125 20.48 0.353553
17.0625 18.125 20.56 0.353553
17.125 18.0625 20.64 0.353553
17.125 18 20.72 0.424882
17.125 18 20.8 0.406079
17.1875 17.9375 20.88 0.322064
17.1875 17.875 20.96 0.406079
17.125 17.875 21.04 0.353553
17.1875 17.8125 21.12 0.424882
17.1875 17.8125 21.2 0.406079
17.1875 17.75 21.28 0.424882
17.1875 17.6875 21.36 0.406079
17.1875 17.625 21.44 0.424882
17.125 17.5625 21.52 0.476865
17.125 17.5 21.6 0.424882
17.125 17.4375 21.68 0.406079
17.125 17.375 21.76 0.365582
17.125 17.3125 21.76 0.406079
17.125 17.25 21.84 0.424882
17.0625 17.25 21.92 0.406079
17.0625 17.1875 22 0.406079
17.0625 17.125 22.08 0.406079
17 17.0625 22.16 0.388072
17 17.0625 22.24 0.353553
17 17 22.32 0.406079
17 16.9375 22.4 0.406079
16.9375 16.9375 22.48 0.353553
16.9375 16.875 22.56 0.388072
16.9375 16.875 22.64 0.322064
16.875 16.875 22.72 0.353553
16.875 16.8125 22.8 0.353553
16.875 16.8125 22.88 0.353553
16.875 16.75 22.96 0.406079
16.875 16.6875 23.04 0.424882
16.8125 16.6875 23.12 0.406079
16.8125 16.625 23.2 0.476865
16.8125 16.5625 23.28 0.424882
16.8125 16.5625 23.36 0.406079
16.8125 16.5 23.44 0.406079
16.8125 16.4375 23.52 0.424882
16.8125 16.4375 23.6 0.406079
16.8125 16.375 23.68 0.388072
16.8125 16.375 23.76 0.353553
16.8125 16.3125 23.84 0.476865
16.8125 16.3125 23.92 0.406079
16.8125 16.25 24 0.353553
16.8125 16.25 24.08 0.353553
16.8125 16.25 24.16 0.296816
16.875 16.1875 24.24 0.406079
16.9375 16.1875 24.32 0.32
17 16.125 24.32 0.25
17.0625 16.1875 24.32 0.203039
17.125 16.25 24.4 0.203039
17.1875 16.25 24.4 0.32
17.25 16.25 24.4 0.32
17.3125 16.25 24.4 0.32
17.375 16.25 24.4 0.32
17.4375 16.3125 24.32 0.32
17.5 16.3125 24.32 0.32
17.5625 16.3125 24.24 0.296816
17.625 16.3125 24.24 0.406079
17.6875 16.25 24.24 0.343548
17.75 16.25 24.16 0.406079
17.8125 16.3125 24.16 0.343548
17.875 16.3125 24.08 0.406079
17.9375 16.3125 24.08 0.365582
18 16.3125 24 0.406079
18.0625 16.375 24 0.424882
18.125 16.4375 24 0.406079
18.125 16.5 24 0.406079
18.1875 16.5625 24.08 0.343548
18.25 16.5625 24.08 0.406079
18.3125 16.625 24.16 0.343548
18.3125 16.6875 24.16 0.406079
18.375 16.75 24.24 0.406079
18.375 16.8125 24.32 0.388072
18.4375 16.8125 24.4 0.353553
18.4375 16.8125 24.48 0.388072
18.4375 16.8125 24.56 0.406079
18.375 16.75 24.64 0.388072
18.375 16.6875 24.72 0.406079
18.3125 16.6875 24.8 0.353553
18.3125 16.625 24.88 0.365582
18.25 16.5625 24.96 0.406079
18.25 16.5 25.04 0.406079
18.1875 16.5 25.12 0.406079
18.1875 16.4375 25.2 0.424882
18.125 16.375 25.28 0.388072
18.125 16.375 25.36 0.388072
18.125 16.375 25.44 0.353553
18.0625 16.375 25.52 0.388072
18.0625 16.375 25.6 0.388072
18.125 16.375 25.68 0.476865
18.125 16.375 25.76 0.450694
18.125 16.375 25.84 0.476865
18.125 16.4375 25.92 0.476865
18.125 16.4375 26 0.424882
18.1875 16.5 26.08 0.424882
18.1875 16.5625 26.16 0.388072
18.25 16.5625 26.24 0.476865
18.3125 16.625 26.32 0.424882
18.375 16.6875 26.4 0.406079
18.4375 16.75 26.48 0.365582
18.5 16.8125 26.48 0.406079
18.5625 16.8125 26.48 0.406079
18.625 16.875 26.48 0.424882
18.6875 16.9375 26.48 0.406079
18.6875 17 26.48 0.406079
18.75 17.0625 26.4 0.406079
18.8125 17.125 26.4 0.365582
18.875 17.1875 26.32 0.424882
18.875 17.25 26.32 0.406079
18.9375 17.3125 26.24 0.424882
18.875 17.375 26.24 0.406079
18.9375 17.4375 26.16 0.424882
18.9375 17.5 26.16 0.48
18.9375 17.5625 26.16 0.365582
18.875 17.625 26.08 0.424882
18.875 17.6875 26.08 0.406079
18.875 17.75 26 0.406079
18.8125 17.8125 26 0.406079
18.75 17.875 26 0.406079
18.6875 17.9375 25.92 0.406079
18.625 18 25.92 0.424882
18.5625 18.0625 25.92 0.48
18.5 18.0625 25.92 0.388072
18.4375 18.125 25.92 0.406079
18.375 18.125 25.92 0.406079
18.3125 18.125 25.92 0.365582
18.25 18.1875 25.92 0.343548
18.1875 18.25 26 0.343548
18.125 18.1875 26 0.406079
18.0625 18.25 26 0.406079
18 18.1875 26.08 0.296816
17.9375 18.1875 26.08 0.296816
17.875 18.1875 26.08 0.322064
17.8125 18.1875 26.08 0.406079
17.75 18.25 26.08 0.406079
17.6875 18.25 26.08 0.406079
17.625 18.3125 26.08 0.343548
17.5625 18.25 26.16 0.343548
17.5 18.25 26.16 0.406079
17.4375 18.3125 26.16 0.343548
17.375 18.3125 26.24 0.32
17.3125 18.3125 26.24 0.343548
17.25 18.25 26.24 0.406079
17.1875 18.3125 26.24 0.406079
17.125 18.25 26.24 0.406079
17.0625 18.25 26.32 0.406079
17 18.25 26.32 0.424882
16.9375 18.25 26.32 0.365582
16.875 18.1875 26.4 0.406079
16.8125 18.1875 26.48 0.406079
16.75 18.125 26.56 0.406079
16.6875 18.0625 26.64 0.406079
16.625 18 26.72 0.406079
16.625 17.9375 26.72 0.406079
16.625 17.875 26.8 0.424882
16.5625 17.8125 26.88 0.406079
16.5625 17.75 26.96 0.322064
16.5 17.6875 27.04 0.322064
16.5 17.625 27.12 0.406079
16.4375 17.5625 27.2 0.279508
16.4375 17.5 27.28 0.353553
16.4375 17.4375 27.36 0.406079
16.375 17.375 27.44 0.353553
16.375 17.3125 27.52 0.406079
16.375 17.25 27.6 0.406079
16.375 17.1875 27.68 0.406079
16.3125 17.125 27.76 0.353553
16.3125 17.125 27.84 0.296816
16.25 17.0625 27.92 0.365582
16.25 17 28 0.322064
16.25 17 28.08 0.343548
16.1875 16.9375 28.16 0.279508
16.1875 16.875 28.24 0.279508
16.1875 16.875 28.32 0.343548
16.125 16.8125 28.4 0.25
16.125 16.8125 28.48 0.238432
16.0625 16.75 28.56 0.296816
16 16.75 28.64 0.238432
16 16.6875 28.72 0.296816
15.9375 16.6875 28.8 0.296816
15.875 16.625 28.88 0.32
15.8125 16.5625 28.88 0.32
15.75 16.5625 28.96 0.32
15.6875 16.5 28.96 0.32
15.625 16.5 28.96 0.238432
15.5625 16.4375 29.04 0.238432
15.5 16.4375 29.04 0.238432
15.4375 16.375 29.04 0.238432
15.375 16.375 29.12 0.203039
15.3125 16.3125 29.12 0.203039
15.25 16.25 29.12 0.238432
15.1875 16.25 29.12 0.238432
15.125 16.25 29.2 0.203039
15.0625 16.25 29.2 0.203039
15 16.25 29.2 0.176777
14.9375 16.1875 29.28 0.203039
14.875 16.1875 29.28 0.203039
14.8125 16.125 29.36 0.16
14.75 16.0625 29.36 0.203039
14.6875 16 29.44 0.176777
14.625 16 29.44 0.343548
14.5625 15.9375 29.52 0.406079
14 146
4.5 14.1875 12 0.8
4.5625 14.1875 12.08 0.741772
4.625 14.1875 12.08 0.812158
4.6875 14.25 12.16 0.731163
4.75 14.1875 12.16 0.75223
4.8125 14.1875 12.16 0.75223
4.875 14.25 12.24 0.809707
4.9375 14.1875 12.24 0.812158
5 14.25 12.32 0.741772
5.0625 14.25 12.32 0.812158
5.125 14.1875 12.32 0.812158
5.1875 14.125 12.4 0.812158
5.25 14.1875 12.4 0.821721
5.3125 14.25 12.4 0.821721
5.375 14.25 12.48 0.838153
5.4375 14.25 12.48 0.88353
5.5 14.25 12.48 0.849765
5.5625 14.3125 12.48 0.821721
5.625 14.3125 12.56 0.821721
5.6875 14.3125 12.56 0.849765
5.75 14.3125 12.56 0.88353
5.8125 14.375 12.56 0.838153
5.875 14.3125 12.64 0.782768
5.9375 14.375 12.64 0.821721
6 14.375 12.64 0.838153
6.0625 14.375 12.64 0.847423
6.125 14.375 12.64 0.819298
6.1875 14.375 12.72 0.782768
6.25 14.375 12.72 0.821721
6.3125 14.375 12.72 0.812158
6.375 14.375 12.8 0.809707
6.4375 14.375 12.8 0.821721
6.5 14.4375 12.8 0.838153
6.5625 14.4375 12.8 0.821721
6.625 14.5 12.8 0.75223
6.6875 14.4375 12.88 0.8
6.75 14.4375 12.88 0.8
6.8125 14.4375 12.88 0.809707
6.875 14.5 12.88 0.782768
6.9375 14.5 12.88 0.812158
7 14.5 12.96 0.809707
7.0625 14.5 12.96 0.838153
7.125 14.5 12.96 0.821721
7.1875 14.5625 12.96 0.812158
7.25 14.5625 12.96 0.809707
7.3125 14.5625 13.04 0.809707
7.375 14.5625 13.04 0.819298
7.4375 14.625 13.04 0.88353
7.5 14.625 13.04 0.88353
7.5625 14.625 13.04 0.838153
7.625 14.625 13.12 0.809707
7.6875 14.625 13.12 0.812158
7.75 14.625 13.12 0.812158
7.8125 14.625 13.12 0.812158
7.875 14.6875 13.2 0.809707
7.9375 14.6875 13.2 0.838153
8 14.75 13.2 0.812158
8.0625 14.8125 13.2 0.75223
8.125 14.875 13.2 0.731163
8.1875 14.875 13.2 0.809707
8.25 14.9375 13.28 0.809707
8.3125 14.9375 13.28 0.819298
8.375 14.9375 13.28 0.838153
8.4375 14.9375 13.28 0.838153
8.5 14.9375 13.36 0.809707
8.5625 15 13.36 0.838153
8.625 15.0625 13.36 0.88353
8.6875 15.0625 13.36 0.838153
8.75 15.125 13.36 0.809707
8.8125 15.1875 13.44 0.812158
8.875 15.25 13.44 0.809707
8.9375 15.25 13.44 0.8
9 15.3125 13.44 0.8
9.0625 15.375 13.44 0.8
9.125 15.4375 13.52 0.741772
9.1875 15.5 13.52 0.741772
9.25 15.5625 13.52 0.741772
9.3125 15.625 13.52 0.687095
9.375 15.6875 13.6 0.687095
9.4375 15.6875 13.6 0.741772
9.5 15.75 13.6 0.8
9.5625 15.75 13.6 0.658426
9.625 15.75 13.68 0.652093
9.6875 15.75 13.68 0.687095
9.75 15.8125 13.68 0.687095
9.8125 15.8125 13.68 0.687095
9.875 15.875 13.68 0.652093
9.9375 15.9375 13.76 0.652093
10 16 13.76 0.687095
10.0625 16 13.76 0.663965
10.125 16.0625 13.76 0.64
10.1875 16.0625 13.84 0.652093
10.25 16.125 13.84 0.596154
10.3125 16.1875 13.84 0.621812
10.375 16.1875 13.84 0.687095
10.4375 16.1875 13.84 0.539653
10.5 16.25 13.84 0.559017
10.5625 16.25 13.84 0.625
10.625 16.25 13.84 0.625
10.6875 16.25 13.84 0.693109
10.75 16.25 13.84 0.693109
10.8125 16.3125 13.92 0.606651
10.875 16.3125 13.92 0.658426
10.9375 16.25 13.92 0.658426
11 16.25 13.92 0.715297
11.0625 16.1875 13.92 0.715297
11.125 16.1875 13.92 0.809707
11.1875 16.125 13.92 0.707107
11.25 16.125 14 0.715297
11.3125 16.125 14 0.821721
11.375 16.0625 14 0.782768
11.4375 16 14 0.812158
11.5 16 14.08 0.812158
11.5625 15.9375 14.08 0.782768
11.625 15.875 14.08 0.782768
11.6875 15.875 14.16 0.75223
11.75 15.8125 14.16 0.812158
11.8125 15.75 14.16 0.88353
11.875 15.6875 14.16 0.968104
11.875 15.625 14.16 0.968104
11.9375 15.5625 14.16 0.992018
12 15.5 14.16 1.0824
12.0625 15.4375 14.16 1.14552
12.125 15.375 14.24 1.14756
12.1875 15.3125 14.16 1.22463
12.25 15.3125 14.16 1.22463
12.3125 15.3125 14.16 1.21824
12.375 15.3125 14.16 1.21824
12.4375 15.3125 14.16 1.14552
12.5 15.3125 14.16 1.14552
12.5625 15.3125 14.16 1.0824
12.625 15.3125 14.16 1.12
12.6875 15.3125 14.16 1.12
12.75 15.3125 14.16 1.0152
12.8125 15.3125 14.16 0.943398
12.875 15.25 14.08 0.96
12.9375 15.25 14.08 0.96
13 15.25 14.08 0.849765
13.0625 15.1875 14 0.809707
13.125 15.25 14 0.812158
13.1875 15.3125 14 0.741772
13.25 15.25 13.92 0.812158
13.3125 15.25 13.84 0.812158
13.375 15.3125 13.76 0.812158
13.4375 15.25 13.76 0.821721
13.5 15.3125 13.68 0.75
15 312
13.5 15.3125 13.68 0.75
13.5625 15.375 13.76 0.741772
13.625 15.375 13.84 0.64
13.6875 15.4375 13.92 0.424882
13.75 15.4375 14 0.343548
13.8125 15.5 14.08 0.238432
13.875 15.5 14.16 0.296816
13.9375 15.5625 14.24 0.238432
14 15.5625 14.32 0.32
14.0625 15.625 14.4 0.203039
14.0625 15.6875 14.4 0.238432
14.125 15.75 14.48 0.238432
14.1875 15.8125 14.56 0.238432
14.25 15.875 14.56 0.238432
14.25 15.9375 14.64 0.296816
14.3125 16 14.72 0.296816
14.3125 16.0625 14.8 0.296816
14.3125 16.125 14.8 0.406079
14.3125 16.1875 14.88 0.343548
14.25 16.25 14.96 0.296816
14.1875 16.3125 15.04 0.296816
14.125 16.375 15.12 0.353553
14.125 16.4375 15.12 0.343548
14.0625 16.5 15.12 0.343548
14 16.5 15.2 0.343548
13.9375 16.5 15.28 0.343548
13.875 16.5 15.28 0.322064
13.8125 16.5 15.36 0.32
13.75 16.5625 15.36 0.343548
13.6875 16.5625 15.36 0.343548
13.625 16.5625 15.44 0.32
13.5625 16.625 15.44 0.32
13.5 16.625 15.44 0.32
13.4375 16.625 15.52 0.32
13.375 16.6875 15.52 0.32
13.3125 16.6875 15.52 0.32
13.25 16.6875 15.52 0.32
13.1875 16.6875 15.6 0.32
13.125 16.75 15.6 0.32
13.125 16.8125 15.6 0.32
13.0625 16.875 15.6 0.32
13.0625 16.9375 15.6 0.343548
13.0625 17 15.6 0.406079
13.0625 17.0625 15.6 0.406079
13.0625 17.125 15.6 0.406079
13.0625 17.1875 15.6 0.343548
13.0625 17.25 15.68 0.343548
13.0625 17.3125 15.68 0.343548
13.0625 17.375 15.68 0.343548
13.0625 17.4375 15.68 0.343548
13.125 17.5 15.76 0.32
13.125 17.5625 15.76 0.343548
13.1875 17.625 15.84 0.25
13.125 17.6875 15.84 0.343548
13.1875 17.75 15.92 0.322064
13.1875 17.8125 16 0.406079
13.1875 17.875 16 0.365582
13.1875 17.9375 16.08 0.365582
13.25 17.9375 16.16 0.322064
13.25 18 16.24 0.343548
13.25 18.0625 16.24 0.406079
13.25 18.125 16.32 0.406079
13.3125 18.125 16.4 0.406079
13.3125 18.1875 16.48 0.406079
13.3125 18.25 16.56 0.296816
13.375 18.25 16.64 0.353553
13.375 18.3125 16.72 0.322064
13.375 18.3125 16.8 0.296816
13.4375 18.375 16.88 0.322064
13.4375 18.3125 16.96 0.353553
13.5 18.375 17.04 0.388072
13.5 18.375 17.12 0.353553
13.5625 18.375 17.2 0.388072
13.5625 18.375 17.28 0.406079
13.625 18.375 17.36 0.353553
13.625 18.4375 17.44 0.353553
13.625 18.375 17.52 0.353553
13.625 18.375 17.6 0.388072
13.625 18.375 17.68 0.353553
13.6875 18.375 17.76 0.375
13.6875 18.375 17.84 0.353553
13.6875 18.375 17.92 0.353553
13.6875 18.375 18 0.353553
13.6875 18.375 18.08 0.353553
13.6875 18.375 18.16 0.353553
13.625 18.375 18.24 0.353553
13.625 18.375 18.32 0.353553
13.625 18.3125 18.4 0.353553
13.5625 18.3125 18.48 0.388072
13.5625 18.3125 18.56 0.322064
13.5 18.3125 18.64 0.424882
13.5 18.25 18.72 0.353553
13.4375 18.25 18.8 0.388072
13.4375 18.25 18.88 0.375
13.4375 18.25 18.96 0.375
13.4375 18.25 19.04 0.388072
13.4375 18.1875 19.12 0.353553
13.4375 18.1875 19.2 0.353553
13.4375 18.1875 19.28 0.353553
13.4375 18.1875 19.36 0.406079
13.4375 18.125 19.44 0.388072
13.4375 18.125 19.52 0.353553
13.4375 18.125 19.6 0.353553
13.375 18.0625 19.68 0.353553
13.375 18.0625 19.76 0.353553
13.4375 18.0625 19.84 0.322064
13.4375 18 19.92 0.353553
13.4375 18 20 0.388072
13.4375 18 20.08 0.375
13.4375 18 20.16 0.375
13.4375 18 20.24 0.375
13.4375 18 20.32 0.375
13.375 17.9375 20.4 0.353553
13.375 17.9375 20.48 0.353553
13.375 17.9375 20.56 0.353553
13.375 17.9375 20.64 0.353553
13.4375 17.9375 20.72 0.375
13.4375 17.9375 20.8 0.388072
13.4375 17.9375 20.88 0.353553
13.4375 17.875 20.96 0.388072
13.4375 17.875 21.04 0.375
13.4375 17.875 21.12 0.375
13.5 17.875 21.2 0.353553
13.5 17.8125 21.28 0.406079
13.5 17.8125 21.36 0.353553
13.5 17.75 21.44 0.353553
13.5 17.75 21.52 0.353553
13.5625 17.75 21.6 0.406079
13.5625 17.6875 21.68 0.388072
13.5625 17.6875 21.76 0.353553
13.5625 17.625 21.84 0.388072
13.5625 17.625 21.92 0.406079
13.5625 17.5625 22 0.388072
13.5625 17.5625 22.08 0.353553
13.5625 17.5 22.16 0.353553
13.625 17.5 22.24 0.375
13.625 17.5 22.32 0.406079
13.625 17.4375 22.4 0.476865
13.625 17.375 22.48 0.424882
13.5625 17.3125 22.56 0.424882
13.625 17.3125 22.64 0.406079
13.625 17.25 22.72 0.406079
13.5625 17.1875 22.8 0.424882
13.5625 17.1875 22.88 0.322064
13.5625 17.125 22.96 0.406079
13.5625 17.0625 23.04 0.406079
13.5625 17 23.12 0.406079
13.5625 16.9375 23.2 0.406079
13.5625 16.875 23.28 0.406079
13.5625 16.8125 23.36 0.406079
13.5 16.75 23.44 0.353553
13.5625 16.75 23.52 0.406079
13.5625 16.6875 23.6 0.406079
13.5625 16.625 23.68 0.406079
13.5625 16.625 23.76 0.322064
13.5625 16.5625 23.84 0.353553
13.5625 16.5625 23.92 0.296816
13.625 16.5 24 0.322064
13.6875 16.5 24.08 0.406079
13.6875 16.5625 24.16 0.296816
13.75 16.625 24.24 0.32
13.75 16.6875 24.24 0.32
13.6875 16.75 24.24 0.32
13.625 16.8125 24.24 0.238432
13.5625 16.8125 24.32 0.32
13.5 16.875 24.32 0.32
13.4375 16.875 24.32 0.32
13.375 16.9375 24.32 0.32
13.3125 16.9375 24.32 0.32
13.25 16.875 24.32 0.32
13.1875 16.875 24.32 0.32
13.125 16.875 24.32 0.32
13.0625 16.9375 24.32 0.32
13 16.9375 24.32 0.32
12.9375 16.9375 24.32 0.32
12.875 16.9375 24.32 0.32
12.8125 16.875 24.32 0.32
12.75 16.875 24.32 0.32
12.6875 16.875 24.32 0.343548
12.625 16.9375 24.32 0.406079
12.5625 17 24.4 0.343548
12.5 17.0625 24.4 0.406079
12.4375 17.125 24.48 0.343548
12.375 17.1875 24.48 0.406079
12.3125 17.25 24.56 0.353553
12.3125 17.25 24.64 0.322064
12.25 17.25 24.72 0.388072
12.25 17.25 24.8 0.322064
12.25 17.1875 24.88 0.365582
12.1875 17.125 24.96 0.322064
12.1875 17.0625 25.04 0.343548
12.25 17 25.12 0.343548
12.25 16.9375 25.2 0.343548
12.3125 16.875 25.2 0.343548
12.3125 16.8125 25.28 0.296816
12.375 16.75 25.36 0.343548
12.4375 16.75 25.36 0.406079
12.5 16.75 25.44 0.322064
12.5625 16.6875 25.52 0.322064
12.5625 16.6875 25.6 0.353553
12.625 16.6875 25.68 0.388072
12.625 16.6875 25.76 0.353553
12.625 16.6875 25.84 0.353553
12.6875 16.6875 25.92 0.388072
12.6875 16.75 26 0.388072
12.6875 16.75 26.08 0.424882
12.6875 16.8125 26.16 0.388072
12.6875 16.875 26.24 0.406079
12.6875 16.9375 26.32 0.406079
12.625 17 26.4 0.365582
12.6875 17.0625 26.4 0.343548
12.625 17.125 26.48 0.32
12.625 17.1875 26.48 0.32
12.5625 17.25 26.48 0.32
12.5 17.3125 26.48 0.32
12.5 17.375 26.48 0.32
12.4375 17.4375 26.48 0.32
12.375 17.5 26.48 0.32
12.375 17.5625 26.48 0.32
12.4375 17.625 26.4 0.32
12.375 17.6875 26.4 0.343548
12.3125 17.75 26.32 0.296816
12.25 17.8125 26.32 0.322064
12.25 17.875 26.32 0.406079
12.25 17.9375 26.32 0.343548
12.25 18 26.32 0.32
12.3125 18.0625 26.24 0.343548
12.3125 18.125 26.24 0.343548
12.3125 18.1875 26.16 0.296816
12.3125 18.25 26.16 0.296816
12.375 18.3125 26.16 0.343548
12.4375 18.3125 26.16 0.343548
12.5 18.3125 26.16 0.343548
12.5625 18.375 26.16 0.32
12.625 18.4375 26.16 0.32
12.6875 18.4375 26.16 0.32
12.75 18.4375 26.16 0.32
12.8125 18.4375 26.16 0.32
12.875 18.4375 26.16 0.32
12.9375 18.4375 26.16 0.32
13 18.4375 26.16 0.32
13.0625 18.4375 26.16 0.32
13.125 18.4375 26.16 0.32
13.1875 18.4375 26.16 0.343548
13.25 18.5 26.16 0.343548
13.3125 18.5 26.16 0.32
13.375 18.4375 26.24 0.32
13.4375 18.5 26.16 0.32
13.5 18.5 26.24 0.32
13.5625 18.5 26.24 0.32
13.625 18.5 26.24 0.32
13.6875 18.5 26.24 0.32
13.75 18.5 26.24 0.32
13.8125 18.5 26.24 0.343548
13.875 18.5 26.24 0.343548
13.9375 18.5 26.24 0.343548
14 18.4375 26.24 0.365582
14.0625 18.375 26.32 0.343548
14.125 18.3125 26.32 0.406079
14.1875 18.25 26.4 0.406079
14.25 18.1875 26.4 0.406079
14.25 18.125 26.48 0.406079
14.25 18.0625 26.48 0.406079
14.3125 18 26.56 0.406079
14.3125 17.9375 26.64 0.343548
14.3125 17.875 26.72 0.296816
14.375 17.8125 26.72 0.343548
14.375 17.75 26.8 0.343548
14.4375 17.6875 26.88 0.343548
14.4375 17.625 26.88 0.343548
14.4375 17.5625 26.96 0.296816
14.4375 17.5625 27.04 0.296816
14.5 17.5625 27.12 0.25
14.5 17.5 27.2 0.296816
14.5 17.4375 27.28 0.279508
14.5 17.375 27.36 0.279508
14.5 17.3125 27.44 0.296816
14.5 17.3125 27.52 0.279508
14.5 17.25 27.6 0.296816
14.5 17.1875 27.68 0.296816
14.4375 17.1875 27.76 0.279508
14.4375 17.1875 27.84 0.343548
14.4375 17.125 27.92 0.25
14.4375 17.125 28 0.238432
14.4375 17.0625 28.08 0.238432
14.375 17.0625 28.16 0.238432
14.375 17.0625 28.24 0.25
14.375 17.0625 28.32 0.238432
14.375 17 28.4 0.238432
14.375 17 28.48 0.238432
14.375 16.9375 28.56 0.25
14.3125 17 28.64 0.238432
14.3125 16.9375 28.72 0.238432
14.3125 16.9375 28.8 0.238432
14.25 16.875 28.88 0.238432
14.25 16.875 28.96 0.238432
14.25 16.8125 29.04 0.238432
14.25 16.8125 29.12 0.203039
14.1875 16.75 29.2 0.203039
14.1875 16.6875 29.2 0.203039
14.1875 16.625 29.28 0.203039
14.1875 16.5625 29.28 0.238432
14.1875 16.5 29.36 0.203039
14.1875 16.4375 29.36 0.238432
14.125 16.375 29.36 0.238432
14.1875 16.3125 29.44 0.203039
14.25 16.25 29.44 0.203039
14.3125 16.1875 29.44 0.203039
14.3125 16.125 29.44 0.32
14.375 16.0625 29.44 0.238432
14.4375 16 29.44 0.32
14.5 15.9375 29.52 0.353553
16 55
12.6875 15.5 22 1.0152
12.625 15.5625 22 1.02286
12.5625 15.5625 22.08 0.959818
12.5 15.625 22.08 1.0152
12.4375 15.6875 22.16 0.88353
12.375 15.75 22.16 0.894553
12.3125 15.8125 22.24 0.849765
12.25 15.875 22.24 0.849765
12.1875 15.9375 22.32 0.943398
12.125 16 22.32 0.88353
12.0625 16.0625 22.4 0.943398
12 16.0625 22.48 0.943398
11.9375 16.0625 22.48 1.0152
11.875 16.125 22.56 0.894553
11.8125 16.125 22.64 0.849765
11.75 16.1875 22.72 0.821721
11.6875 16.1875 22.8 0.693109
11.625 16.25 22.88 0.5
11.5625 16.25 22.96 0.55394
11.5625 16.25 23.04 0.541202
11.5 16.3125 23.12 0.541202
11.4375 16.25 23.12 0.395285
11.375 16.3125 23.2 0.407707
11.375 16.3125 23.28 0.476865
11.375 16.375 23.36 0.492976
11.375 16.375 23.44 0.492976
11.375 16.375 23.52 0.476865
11.4375 16.375 23.6 0.388072
11.5 16.375 23.68 0.424882
11.5625 16.3125 23.76 0.476865
11.625 16.25 23.84 0.424882
11.6875 16.25 23.92 0.406079
11.75 16.1875 23.92 0.406079
11.8125 16.125 24 0.406079
11.875 16.125 24 0.406079
11.9375 16.0625 24.08 0.406079
11.9375 16 24.08 0.406079
12 15.9375 24.16 0.353553
12.0625 15.9375 24.16 0.406079
12.125 15.875 24.24 0.322064
12.125 15.8125 24.24 0.406079
12.1875 15.75 24.32 0.406079
12.25 15.6875 24.4 0.406079
12.25 15.625 24.48 0.353553
12.3125 15.625 24.56 0.406079
12.375 15.5625 24.64 0.406079
12.375 15.5 24.72 0.406079
12.375 15.4375 24.8 0.353553
12.4375 15.4375 24.88 0.406079
12.4375 15.375 24.96 0.406079
12.4375 15.375 25.04 0.375
12.4375 15.3125 25.12 0.353553
12.5 15.3125 25.2 0.353553
12.5 15.3125 25.28 0.322064
12.5 15.25 25.36 0.424882
17 72
12.75 15.4375 22 1.04553
12.6875 15.375 22.08 1.0152
12.75 15.3125 22.16 0.943398
12.8125 15.25 22.24 0.894553
12.8125 15.1875 22.32 0.821721
12.8125 15.125 22.4 0.724983
12.875 15.0625 22.48 0.741772
12.8125 15 22.56 0.715297
12.8125 14.9375 22.64 0.619395
12.8125 14.875 22.72 0.621812
12.8125 14.875 22.8 0.609118
12.75 14.8125 22.88 0.55394
12.75 14.75 22.96 0.609118
12.6875 14.6875 23.04 0.53033
12.6875 14.625 23.04 0.55545
12.625 14.5625 23.12 0.492976
12.5625 14.5 23.2 0.476865
12.5 14.4375 23.28 0.476865
12.4375 14.375 23.36 0.406079
12.375 14.3125 23.36 0.406079
12.3125 14.25 23.36 0.406079
12.25 14.1875 23.44 0.406079
12.1875 14.1875 23.44 0.365582
12.125 14.125 23.44 0.406079
12.0625 14.125 23.44 0.343548
12 14.125 23.52 0.32
11.9375 14.125 23.52 0.32
11.875 14.0625 23.52 0.32
11.8125 14.0625 23.52 0.32
11.75 14.0625 23.52 0.25
11.6875 14.0625 23.52 0.25
11.625 14.0625 23.52 0.25
11.5625 14.0625 23.52 0.32
11.5 14.0625 23.52 0.32
11.4375 14.0625 23.52 0.32
11.375 14.0625 23.52 0.32
11.3125 14.0625 23.52 0.25
11.25 14.0625 23.52 0.25
11.1875 14.0625 23.52 0.25
11.125 14.0625 23.52 0.25
11.0625 14.125 23.52 0.32
11 14.1875 23.52 0.238432
10.9375 14.1875 23.52 0.32
10.875 14.1875 23.52 0.238432
10.8125 14.25 23.52 0.203039
10.75 14.3125 23.6 0.203039
10.6875 14.3125 23.6 0.32
10.625 14.3125 23.6 0.238432
10.5625 14.375 23.68 0.32
10.5 14.4375 23.76 0.238432
10.4375 14.5 23.84 0.238432
10.375 14.5 23.92 0.238432
10.3125 14.5625 24 0.25
10.3125 14.625 24.08 0.238432
10.25 14.625 24.16 0.25
10.1875 14.625 24.24 0.238432
10.1875 14.6875 24.32 0.238432
10.1875 14.6875 24.4 0.238432
10.125 14.6875 24.48 0.25
10.125 14.6875 24.56 0.296816
10.125 14.6875 24.64 0.25
10.0625 14.6875 24.72 0.25
10.0625 14.75 24.8 0.279508
10.0625 14.75 24.88 0.353553
10.0625 14.75 24.96 0.353553
10.0625 14.75 25.04 0.279508
10.0625 14.8125 25.12 0.322064
10.0625 14.8125 25.2 0.353553
10.0625 14.8125 25.28 0.353553
10.0625 14.8125 25.36 0.353553
10.0625 14.8125 25.44 0.279508
10.125 14.875 25.52 0.296816
18 100
18.375 15.125 25.52 0.375
18.375 15.125 25.6 0.375
18.4375 15.125 25.68 0.476865
18.4375 15.125 25.76 0.424882
18.4375 15.1875 25.84 0.388072
18.5 15.1875 25.92 0.388072
18.5 15.1875 26 0.476865
18.5 15.25 26.08 0.476865
18.5 15.25 26.16 0.476865
18.5 15.25 26.24 0.388072
18.5625 15.3125 26.32 0.395285
18.5625 15.375 26.4 0.388072
18.5625 15.375 26.48 0.407707
18.5625 15.4375 26.56 0.476865
18.5625 15.4375 26.64 0.476865
18.5625 15.5 26.72 0.476865
18.5625 15.5 26.8 0.476865
18.5625 15.5625 26.88 0.476865
18.5625 15.5625 26.96 0.424882
18.5625 15.625 27.04 0.375
18.5 15.625 27.12 0.476865
18.4375 15.6875 27.2 0.424882
18.375 15.6875 27.28 0.476865
18.3125 15.75 27.36 0.406079
18.25 15.6875 27.36 0.48
18.1875 15.6875 27.36 0.48
18.125 15.6875 27.36 0.48
18.0625 15.6875 27.36 0.48
18 15.6875 27.36 0.424882
17.9375 15.625 27.36 0.424882
17.875 15.5625 27.44 0.406079
17.8125 15.5 27.44 0.406079
17.8125 15.4375 27.44 0.406079
17.75 15.375 27.44 0.424882
17.75 15.3125 27.44 0.406079
17.75 15.25 27.44 0.406079
17.6875 15.1875 27.52 0.406079
17.625 15.125 27.6 0.424882
17.5625 15.0625 27.68 0.450694
17.5625 15.0625 27.76 0.395285
17.5625 15.0625 27.84 0.406079
17.5625 15.125 27.92 0.424882
17.625 15.1875 28 0.365582
17.6875 15.25 28.08 0.424882
17.6875 15.3125 28.08 0.48
17.75 15.375 28.08 0.48
17.8125 15.375 28.08 0.48
17.875 15.375 28.08 0.48
17.9375 15.4375 28.08 0.48
18 15.5 28 0.496009
18.0625 15.5 28 0.541202
18.125 15.5 28 0.476865
18.1875 15.5625 28 0.48
18.25 15.5625 28 0.48
18.3125 15.5625 28 0.48
18.375 15.5625 28 0.48
18.4375 15.625 28 0.496009
18.5 15.625 28 0.48
18.5625 15.625 28.08 0.492976
18.625 15.625 28.16 0.476865
18.6875 15.625 28.24 0.426439
18.75 15.6875 28.32 0.426439
18.8125 15.6875 28.4 0.406079
18.75 15.625 28.48 0.388072
18.8125 15.625 28.56 0.424882
18.875 15.625 28.64 0.388072
18.8125 15.5625 28.72 0.353553
18.75 15.5625 28.8 0.279508
18.6875 15.5 28.8 0.322064
18.6875 15.4375 28.88 0.296816
18.625 15.375 28.96 0.296816
18.5625 15.3125 29.04 0.406079
18.5 15.3125 29.04 0.406079
18.4375 15.3125 29.04 0.406079
18.375 15.25 29.12 0.406079
18.3125 15.1875 29.12 0.48
18.25 15.1875 29.12 0.48
18.1875 15.1875 29.12 0.48
18.125 15.125 29.12 0.48
18.0625 15.125 29.12 0.48
18 15.0625 29.12 0.48
17.9375 15.0625 29.12 0.48
17.875 15 29.12 0.48
17.8125 15 29.12 0.48
17.75 15 29.12 0.48
17.6875 15 29.12 0.48
17.625 14.9375 29.12 0.48
17.5625 14.9375 29.12 0.48
17.5 14.875 29.2 0.48
17.4375 14.8125 29.2 0.48
17.375 14.75 29.2 0.496009
17.3125 14.75 29.2 0.48
17.25 14.6875 29.28 0.476865
17.1875 14.75 29.28 0.496009
17.125 14.6875 29.36 0.541202
17.0625 14.6875 29.44 0.476865
17 14.6875 29.52 0.609118
16.9375 14.6875 29.6 0.426439
16.9375 14.625 29.68 0.407707
16.875 14.6875 29.76 0.492976
19 36
14.5625 15.875 29.6 0.353553
14.625 15.8125 29.68 0.353553
14.6875 15.75 29.76 0.353553
14.6875 15.75 29.84 0.296816
14.75 15.6875 29.92 0.296816
14.8125 15.6875 29.92 0.343548
14.875 15.625 30 0.343548
14.9375 15.5625 30.08 0.296816
15 15.5625 30.08 0.343548
15.0625 15.5 30.08 0.343548
15.125 15.4375 30.16 0.322064
15.1875 15.4375 30.16 0.296816
15.25 15.375 30.24 0.343548
15.3125 15.375 30.24 0.32
15.375 15.375 30.32 0.343548
15.4375 15.375 30.32 0.32
15.5 15.3125 30.4 0.25
15.5625 15.3125 30.48 0.25
15.625 15.3125 30.56 0.238432
15.6875 15.25 30.64 0.296816
15.75 15.25 30.72 0.25
15.75 15.25 30.8 0.25
15.8125 15.3125 30.88 0.25
15.8125 15.3125 30.96 0.25
15.8125 15.3125 31.04 0.25
15.875 15.3125 31.12 0.25
15.875 15.3125 31.2 0.25
15.875 15.3125 31.28 0.25
15.875 15.3125 31.36 0.25
15.875 15.375 31.44 0.25
15.8125 15.375 31.52 0.279508
15.8125 15.4375 31.6 0.25
15.75 15.4375 31.68 0.279508
15.75 15.5 31.76 0.343548
15.8125 15.5625 31.84 0.343548
15.75 15.5625 31.92 0.296816
20 85
12.5 15.25 25.36 0.424882
12.5 15.25 25.44 0.406079
12.5 15.1875 25.52 0.406079
12.5 15.1875 25.6 0.353553
12.5 15.1875 25.68 0.353553
12.5 15.125 25.76 0.353553
12.4375 15.125 25.84 0.388072
12.4375 15.125 25.92 0.388072
12.4375 15.125 26 0.353553
12.375 15.125 26.08 0.353553
12.375 15.125 26.16 0.388072
12.3125 15.125 26.24 0.388072
12.3125 15.125 26.32 0.388072
12.25 15.125 26.4 0.424882
12.25 15.125 26.48 0.406079
12.1875 15.1875 26.56 0.406079
12.125 15.25 26.64 0.406079
12.0625 15.25 26.72 0.353553
12 15.3125 26.8 0.353553
12 15.375 26.88 0.406079
11.9375 15.4375 26.96 0.406079
11.9375 15.5 27.04 0.388072
11.9375 15.5625 27.12 0.424882
11.875 15.625 27.2 0.424882
11.875 15.625 27.28 0.406079
11.9375 15.6875 27.36 0.424882
11.9375 15.6875 27.44 0.395285
11.9375 15.6875 27.52 0.395285
11.9375 15.6875 27.6 0.388072
12 15.625 27.68 0.424882
12.0625 15.5625 27.76 0.406079
12.0625 15.5 27.76 0.48
12.125 15.4375 27.76 0.406079
12.1875 15.375 27.68 0.406079
12.25 15.3125 27.68 0.406079
12.3125 15.25 27.6 0.406079
12.25 15.1875 27.6 0.406079
12.3125 15.125 27.52 0.353553
12.375 15.125 27.44 0.424882
12.375 15.125 27.36 0.424882
12.4375 15.0625 27.28 0.406079
12.4375 15.0625 27.2 0.406079
12.5 15.125 27.12 0.406079
12.5625 15.1875 27.04 0.343548
12.625 15.25 26.96 0.343548
12.6875 15.3125 26.88 0.343548
12.6875 15.375 26.88 0.343548
12.625 15.4375 26.88 0.365582
12.6875 15.5 26.96 0.406079
12.6875 15.5625 27.04 0.406079
12.6875 15.625 27.12 0.406079
12.6875 15.6875 27.2 0.476865
12.6875 15.6875 27.28 0.388072
12.6875 15.75 27.36 0.395285
12.6875 15.75 27.44 0.450694
12.6875 15.75 27.52 0.395285
12.6875 15.75 27.6 0.375
12.6875 15.8125 27.68 0.375
12.625 15.75 27.76 0.375
12.625 15.75 27.84 0.407707
12.625 15.75 27.92 0.476865
12.5625 15.75 28 0.476865
12.5625 15.75 28.08 0.476865
12.5 15.75 28.16 0.424882
12.4375 15.75 28.24 0.375
12.375 15.75 28.32 0.424882
12.3125 15.75 28.4 0.424882
12.25 15.75 28.48 0.353553
12.25 15.75 28.56 0.353553
12.1875 15.75 28.64 0.388072
12.125 15.75 28.72 0.388072
12.0625 15.75 28.8 0.406079
12 15.75 28.88 0.365582
12.0625 15.6875 28.96 0.25
12.0625 15.6875 29.04 0.25
12.125 15.6875 29.12 0.203039
12.125 15.625 29.2 0.203039
12.1875 15.5625 29.28 0.238432
12.25 15.5 29.28 0.32
12.3125 15.5 29.28 0.343548
12.375 15.5 29.28 0.343548
12.4375 15.4375 29.28 0.32
12.5 15.375 29.36 0.296816
12.5625 15.3125 29.36 0.424882
12.625 15.3125 29.44 0.48
21 57
16.875 14.6875 29.76 0.492976
16.8125 14.625 29.84 0.450694
16.8125 14.625 29.92 0.478252
16.8125 14.625 30 0.450694
16.8125 14.625 30.08 0.426439
16.8125 14.625 30.16 0.395285
16.75 14.625 30.24 0.395285
16.75 14.6875 30.32 0.492976
16.75 14.6875 30.4 0.492976
16.75 14.75 30.48 0.450694
16.6875 14.75 30.56 0.492976
16.625 14.75 30.56 0.492976
16.5625 14.75 30.64 0.388072
16.5625 14.75 30.72 0.353553
16.5625 14.75 30.8 0.279508
16.5 14.6875 30.88 0.296816
16.4375 14.6875 30.96 0.322064
16.375 14.625 30.96 0.388072
16.3125 14.5625 31.04 0.48
16.3125 14.5 31.04 0.48
16.25 14.4375 30.96 0.496009
16.25 14.375 30.96 0.541202
16.25 14.3125 30.96 0.450694
16.3125 14.25 30.96 0.53033
16.3125 14.1875 30.96 0.450694
16.3125 14.125 30.88 0.426439
16.375 14.0625 30.96 0.450694
16.4375 14 30.96 0.609118
16.4375 13.9375 30.96 0.492976
16.5 13.875 30.88 0.508576
16.5625 13.8125 30.88 0.492976
16.625 13.75 30.96 0.492976
16.625 13.6875 30.96 0.492976
16.625 13.625 30.96 0.492976
16.625 13.5625 31.04 0.407707
16.625 13.5625 31.12 0.375
16.625 13.5625 31.2 0.395285
16.625 13.5 31.28 0.407707
16.625 13.5 31.36 0.375
16.5625 13.5625 31.44 0.496009
16.5 13.625 31.52 0.406079
16.5 13.6875 31.52 0.406079
16.4375 13.75 31.6 0.365582
16.4375 13.8125 31.6 0.343548
16.4375 13.875 31.68 0.343548
16.4375 13.9375 31.76 0.343548
16.4375 14 31.76 0.343548
16.4375 14.0625 31.84 0.296816
16.4375 14.125 31.84 0.32
16.5 14.1875 31.92 0.32
16.5 14.25 31.92 0.343548
16.5625 14.3125 31.92 0.343548
16.625 14.375 32 0.343548
16.5625 14.4375 32 0.32
16.625 14.5 32.08 0.296816
16.6875 14.5625 32.16 0.279508
16.75 14.625 32.24 0.279508
22 39
17.0625 16.1875 31.68 0.238432
17.125 16.1875 31.68 0.203039
17.1875 16.1875 31.76 0.125
17.125 16.125 31.84 0.125
17.0625 16.0625 31.84 0.125
17 16 31.84 0.125
16.9375 16 31.84 0.125
16.875 15.9375 31.84 0.125
16.8125 15.875 31.84 0.16
16.8125 15.8125 31.84 0.125
16.75 15.75 31.84 0.16
16.75 15.6875 31.84 0.16
16.75 15.625 31.84 0.16
16.75 15.5625 31.84 0.16
16.75 15.5 31.84 0.16
16.75 15.4375 31.84 0.16
16.75 15.375 31.84 0.16
16.75 15.3125 31.84 0.125
16.6875 15.25 31.84 0.16
16.625 15.1875 31.76 0.203039
16.625 15.125 31.76 0.203039
16.5625 15.0625 31.76 0.16
16.5 15 31.76 0.203039
16.4375 15 31.84 0.16
16.375 15.0625 31.92 0.16
16.3125 15.0625 32 0.203039
16.3125 15.125 32.08 0.203039
16.3125 15.1875 32.16 0.16
16.3125 15.25 32.24 0.125
16.3125 15.3125 32.24 0.16
16.25 15.375 32.24 0.16
16.1875 15.4375 32.24 0.16
16.125 15.4375 32.32 0.16
16.0625 15.5 32.32 0.125
16 15.5625 32.24 0.16
15.9375 15.5625 32.24 0.16
15.875 15.5625 32.16 0.203039
15.8125 15.5625 32.08 0.238432
15.75 15.5625 32 0.238432
23 49
15.6875 15.5625 31.92 0.343548
15.625 15.5625 31.84 0.296816
15.5625 15.625 31.92 0.203039
15.5 15.625 31.92 0.203039
15.4375 15.625 31.92 0.203039
15.375 15.625 31.92 0.203039
15.3125 15.625 31.92 0.203039
15.25 15.625 31.92 0.203039
15.1875 15.625 31.92 0.203039
15.125 15.5625 31.92 0.203039
15.0625 15.5 31.92 0.16
15 15.4375 31.92 0.125
14.9375 15.375 31.92 0.125
14.9375 15.3125 31.84 0.16
14.875 15.25 31.84 0.16
14.8125 15.1875 31.76 0.203039
14.75 15.1875 31.76 0.125
14.6875 15.125 31.68 0.16
14.625 15.125 31.68 0.16
14.5625 15.1875 31.68 0.16
14.5625 15.25 31.68 0.16
14.5 15.3125 31.68 0.16
14.4375 15.375 31.76 0.125
14.4375 15.4375 31.76 0.16
14.4375 15.5 31.76 0.16
14.375 15.5625 31.84 0.125
14.4375 15.625 31.84 0.125
14.4375 15.6875 31.84 0.16
14.4375 15.75 31.84 0.16
14.375 15.8125 31.84 0.16
14.375 15.875 31.84 0.16
14.375 15.9375 31.84 0.16
14.3125 16 31.84 0.16
14.25 16.0625 31.84 0.16
14.1875 16.125 31.84 0.16
14.125 16.125 31.84 0.203039
14.0625 16.1875 31.84 0.16
14 16.25 31.84 0.16
13.9375 16.25 31.92 0.16
13.875 16.3125 31.92 0.16
13.8125 16.375 31.92 0.16
13.75 16.375 31.92 0.16
13.6875 16.4375 31.92 0.16
13.625 16.5 31.92 0.16
13.5625 16.5625 31.92 0.16
13.5 16.625 31.84 0.16
13.4375 16.6875 31.84 0.16
13.375 16.75 31.84 0.16
13.3125 16.75 31.76 0.176777
24 74
12.625 15.3125 29.44 0.48
12.6875 15.3125 29.44 0.48
12.75 15.3125 29.44 0.48
12.8125 15.25 29.44 0.48
12.875 15.25 29.44 0.48
12.9375 15.1875 29.36 0.48
13 15.1875 29.36 0.48
13.0625 15.125 29.36 0.48
13.125 15.125 29.36 0.48
13.1875 15.0625 29.36 0.48
13.25 15.0625 29.36 0.48
13.3125 15.0625 29.44 0.424882
13.375 15 29.44 0.424882
13.4375 15 29.44 0.48
13.5 14.9375 29.44 0.406079
13.5625 14.875 29.52 0.365582
13.625 14.875 29.52 0.406079
13.6875 14.875 29.52 0.406079
13.75 14.8125 29.6 0.406079
13.8125 14.75 29.6 0.424882
13.875 14.6875 29.68 0.406079
13.9375 14.6875 29.76 0.406079
14 14.625 29.84 0.424882
14 14.625 29.92 0.322064
14.0625 14.625 30 0.353553
14.125 14.625 30.08 0.406079
14.125 14.625 30.16 0.353553
14.125 14.625 30.24 0.353553
14.125 14.625 30.32 0.353553
14.125 14.625 30.4 0.388072
14.125 14.625 30.48 0.476865
14.1875 14.625 30.56 0.541202
14.25 14.625 30.64 0.426439
14.3125 14.625 30.72 0.375
14.375 14.625 30.8 0.424882
14.4375 14.5625 30.88 0.424882
14.4375 14.5 30.96 0.48
14.4375 14.4375 30.96 0.395285
14.5 14.375 30.96 0.541202
14.5625 14.3125 30.96 0.64
14.5625 14.25 30.96 0.64
14.5 14.1875 30.96 0.609118
14.4375 14.125 30.96 0.511517
14.375 14.0625 30.88 0.511517
14.375 14 30.96 0.496009
14.3125 13.9375 30.96 0.541202
14.3125 13.875 30.96 0.55545
14.3125 13.8125 30.96 0.511517
14.25 13.75 31.04 0.541202
14.1875 13.6875 31.12 0.424882
14.1875 13.6875 31.2 0.407707
14.125 13.6875 31.28 0.375
14.125 13.625 31.36 0.395285
14.125 13.6875 31.44 0.476865
14.125 13.75 31.52 0.406079
14.125 13.8125 31.6 0.406079
14.125 13.875 31.6 0.343548
14.1875 13.9375 31.68 0.32
14.1875 14 31.68 0.32
14.25 14.0625 31.68 0.32
14.25 14.125 31.68 0.238432
14.1875 14.1875 31.76 0.238432
14.1875 14.25 31.76 0.32
14.1875 14.3125 31.76 0.32
14.1875 14.375 31.76 0.32
14.125 14.4375 31.84 0.32
14.125 14.5 31.84 0.32
14.0625 14.5625 31.92 0.238432
14 14.625 31.92 0.32
13.9375 14.6875 32 0.238432
13.9375 14.75 32 0.343548
13.875 14.8125 32.08 0.25
13.8125 14.8125 32.16 0.25
13.8125 14.8125 32.24 0.25
25 17
17.75 14.4375 32.08 0.238432
17.6875 14.5 32.16 0.32
17.625 14.5 32.16 0.32
17.5625 14.5625 32.24 0.32
17.5 14.5625 32.24 0.25
17.4375 14.625 32.32 0.203039
17.375 14.625 32.32 0.238432
17.3125 14.625 32.32 0.32
17.25 14.625 32.32 0.32
17.1875 14.625 32.32 0.32
17.125 14.625 32.32 0.32
17.0625 14.625 32.32 0.32
17 14.625 32.32 0.25
16.9375 14.625 32.32 0.25
16.875 14.625 32.32 0.25
16.8125 14.625 32.32 0.25
16.75 14.625 32.24 0.279508
26 23
16.75 14.625 32.24 0.279508
16.6875 14.625 32.32 0.25
16.625 14.625 32.32 0.238432
16.5625 14.6875 32.4 0.203039
16.5 14.625 32.48 0.203039
16.4375 14.625 32.56 0.16
16.375 14.625 32.56 0.16
16.3125 14.625 32.56 0.16
16.25 14.625 32.56 0.125
16.1875 14.5625 32.56 0.16
16.125 14.5625 32.56 0.16
16.0625 14.5 32.56 0.203039
16 14.4375 32.64 0.16
15.9375 14.375 32.64 0.125
15.875 14.3125 32.64 0.125
15.8125 14.25 32.64 0.16
15.75 14.1875 32.64 0.125
15.6875 14.125 32.64 0.16
15.625 14.0625 32.64 0.16
15.5625 14 32.64 0.16
15.5 13.9375 32.56 0.203039
15.5 13.875 32.56 0.203039
15.4375 13.8125 32.48 0.203039
27 27
15.3125 13.8125 32.32 0.125
15.25 13.875 32.32 0.203039
15.25 13.9375 32.4 0.16
15.1875 14 32.4 0.16
15.125 14 32.4 0.16
15.0625 14.0625 32.48 0.16
15.0625 14.125 32.48 0.16
15 14.1875 32.48 0.16
14.9375 14.25 32.56 0.16
14.875 14.3125 32.56 0.16
14.8125 14.375 32.56 0.16
14.75 14.4375 32.56 0.16
14.6875 14.5 32.56 0.16
14.625 14.5625 32.56 0.16
14.5625 14.5625 32.56 0.16
14.5 14.5625 32.56 0.16
14.4375 14.625 32.56 0.16
14.375 14.625 32.56 0.125
14.3125 14.6875 32.48 0.16
14.25 14.6875 32.48 0.16
14.1875 14.6875 32.48 0.16
14.125 14.75 32.48 0.16
14.0625 14.75 32.48 0.16
14 14.75 32.48 0.16
13.9375 14.8125 32.48 0.125
13.875 14.875 32.4 0.16
13.8125 14.8125 32.32 0.25
28 17
13.75 14.8125 32.32 0.25
13.6875 14.875 32.32 0.238432
13.625 14.875 32.4 0.203039
13.5625 14.875 32.4 0.203039
13.5 14.875 32.48 0.16
13.4375 14.8125 32.48 0.203039
13.375 14.8125 32.48 0.238432
13.3125 14.8125 32.48 0.203039
13.25 14.8125 32.48 0.203039
13.1875 14.8125 32.48 0.203039
13.125 14.875 32.56 0.125
13.0625 14.8125 32.56 0.125
13 14.75 32.48 0.176777
12.9375 14.6875 32.48 0.238432
12.875 14.625 32.48 0.203039
12.8125 14.5625 32.4 0.238432
12.75 14.5625 32.4 0.238432
29 3
15.3125 13.8125 32.32 0.125
15.375 13.875 32.4 0.16
15.4375 13.8125 32.48 0.203039
30 20
15.4375 13.8125 32.48 0.203039
15.4375 13.75 32.48 0.203039
15.4375 13.6875 32.48 0.203039
15.4375 13.625 32.48 0.16
15.4375 13.5625 32.48 0.125
15.4375 13.5 32.4 0.125
15.375 13.4375 32.4 0.16
15.375 13.375 32.4 0.125
15.375 13.3125 32.32 0.125
15.3125 13.25 32.32 0.16
15.3125 13.1875 32.32 0.16
15.3125 13.125 32.32 0.125
15.25 13.0625 32.32 0.16
15.25 13 32.32 0.16
15.25 12.9375 32.4 0.125
15.1875 12.9375 32.48 0.125
15.1875 12.9375 32.56 0.16
15.125 12.9375 32.64 0.125
15.125 12.9375 32.72 0.125
15.1875 12.9375 32.8 0.16
31 24
15.3125 13.8125 32.32 0.125
15.25 13.75 32.24 0.16
15.25 13.6875 32.24 0.125
15.25 13.625 32.16 0.16
15.25 13.5625 32.16 0.125
15.25 13.5 32.08 0.125
15.1875 13.4375 32 0.203039
15.25 13.375 32 0.16
15.25 13.3125 32 0.16
15.25 13.25 32 0.16
15.25 13.1875 32 0.125
15.1875 13.125 32 0.16
15.125 13.0625 32.08 0.125
15.1875 13 32.08 0.125
15.125 12.9375 32.16 0.125
15.125 12.875 32.16 0.16
15.0625 12.8125 32.24 0.16
15.0625 12.75 32.32 0.16
15 12.75 32.4 0.16
15 12.6875 32.48 0.125
15.0625 12.6875 32.56 0.125
15 12.6875 32.64 0.125
15.0625 12.6875 32.72 0.16
15.0625 12.6875 32.8 0.125
