24 0
1 45
14.0625 11.5625 1.28 2.56
14.125 11.625 1.36 2.72
14.0625 11.6875 1.44 2.88
14.125 11.625 1.52 3.04
14.0625 11.5625 1.6 2.39646
14 11.5625 1.68 2.65647
13.9375 11.5625 1.68 3.36
13.875 11.5625 1.76 3.52
13.8125 11.5625 1.84 2.92254
13.75 11.5 1.84 3.68
13.6875 11.5 1.92 3.09485
13.625 11.5 2 3.18198
13.5625 11.5 2 3.27156
13.5 11.5625 2.08 3.35876
13.5 11.5625 2.16 3.27156
13.5 11.5625 2.24 3.27547
13.5 11.5625 2.32 3.35876
13.5 11.5625 2.4 3.35876
13.5 11.5625 2.48 3.27156
13.5 11.5625 2.56 3.35876
13.5 11.5625 2.64 3.35876
13.5 11.5625 2.72 3.27156
13.5 11.5625 2.8 3.27547
13.5 11.5625 2.88 3.35876
13.5 11.625 2.96 3.27547
13.5 11.625 3.04 3.35876
13.5625 11.625 3.12 3.35876
13.5625 11.625 3.2 3.85775
13.5625 11.6875 3.28 3.73296
13.625 11.6875 3.36 3.6739
13.625 11.75 3.44 3.66325
13.6875 11.75 3.52 3.66325
13.6875 11.75 3.6 3.65471
13.75 11.75 3.68 3.65471
13.75 11.8125 3.76 3.50856
13.8125 11.875 3.84 3.46071
13.875 11.8125 3.92 3.33805
13.875 11.875 4 3.46071
13.9375 11.875 4.08 3.46071
14 11.8125 4.16 3.0052
14 11.875 4.24 3.32939
14.0625 11.9375 4.32 3.37846
14.0625 12 4.4 3.25824
14.125 12.0625 4.48 3.32704
14.1875 12.125 4.56 2.90002
2 9
14.1875 12.125 4.56 2.90002
14.1875 12.125 4.64 3.25103
14.25 12.0625 4.72 3.25103
14.3125 12.125 4.8 3.25103
14.375 12.125 4.88 3.25103
14.4375 12.1875 4.96 3.24863
14.5 12.1875 5.04 3.1732
14.5625 12.25 5.12 3.1241
14.625 12.3125 5.2 3.1241
3 13
14.6875 12.375 5.2 3.10098
14.75 12.4375 5.28 3.2
14.8125 12.5 5.28 3.06559
14.875 12.5625 5.28 2.9729
14.9375 12.5 5.36 2.97027
15 12.5625 5.44 2.82151
15.0625 12.5625 5.44 2.85728
15.125 12.625 5.44 2.83019
15.1875 12.6875 5.52 2.79629
15.25 12.75 5.52 2.76735
15.3125 12.8125 5.6 2.76598
15.25 12.875 5.52 2.84255
15.3125 12.9375 5.6 2.76735
4 55
14.625 12.3125 5.28 3.04559
14.5625 12.3125 5.36 2.92308
14.5 12.25 5.44 2.77017
14.5 12.25 5.52 2.64247
14.5 12.25 5.6 2.43955
14.5 12.25 5.68 2.30465
14.5 12.25 5.76 2.17315
14.4375 12.1875 5.84 2.11353
14.375 12.1875 5.92 1.98404
14.3125 12.1875 6 1.86768
14.25 12.25 6.08 1.63928
14.25 12.25 6.16 1.62841
14.1875 12.25 6.24 1.39314
14.1875 12.25 6.32 1.36921
14.1875 12.25 6.4 1.26219
14.125 12.3125 6.48 1.068
14.125 12.3125 6.56 1.0879
14.0625 12.375 6.64 1.0204
14.0625 12.375 6.72 1.07266
14.0625 12.375 6.8 1.06066
14.0625 12.375 6.88 1.07266
14.0625 12.4375 6.96 1
14.0625 12.5 7.04 0.923972
14.0625 12.5 7.12 1.21824
14.0625 12.5625 7.2 1.21824
14.0625 12.625 7.28 1.15232
14.0625 12.6875 7.36 1.10369
14.0625 12.75 7.36 1.20534
14.0625 12.8125 7.36 1.17249
14.0625 12.875 7.44 1.19216
14.125 12.9375 7.52 1.22463
14.0625 13 7.52 1.27465
14.0625 13.0625 7.52 1.34792
14.125 13.125 7.6 1.34792
14.125 13.1875 7.68 1.34792
14.1875 13.25 7.76 1.30493
14.1875 13.3125 7.76 1.34792
14.1875 13.375 7.84 1.35371
14.1875 13.4375 7.84 1.34792
14.1875 13.5 7.92 1.30493
14.1875 13.5625 8 1.26219
14.25 13.625 8 1.30493
14.25 13.6875 8.08 1.34792
14.25 13.75 8.08 1.29893
14.25 13.8125 8.08 1.27465
14.25 13.875 8.16 1.34792
14.25 13.9375 8.16 1.29893
14.25 14 8.24 1.27465
14.1875 14.0625 8.32 1.34792
14.1875 14.125 8.32 1.34792
14.1875 14.1875 8.4 1.28259
14.1875 14.25 8.4 1.24362
14.1875 14.3125 8.48 1.22463
14.1875 14.375 8.56 1.28866
14.125 14.4375 8.64 1.34792
5 34
15.3125 12.9375 5.6 2.76735
15.25 13 5.52 2.76598
15.3125 13.0625 5.6 2.84255
15.3125 13.125 5.6 2.88271
15.375 13.1875 5.6 2.88
15.4375 13.25 5.6 2.69585
15.4375 13.3125 5.6 2.62835
15.5 13.375 5.68 2.72
15.5625 13.4375 5.68 2.4934
15.625 13.5 5.76 2.43647
15.6875 13.5625 5.84 2.43647
15.6875 13.625 5.84 2.43647
15.6875 13.6875 5.84 2.56
15.6875 13.75 5.84 2.43647
15.75 13.8125 5.92 2.41622
15.8125 13.8125 5.92 2.43647
15.875 13.875 5.92 2.36157
15.8125 13.9375 6 2.30192
15.875 14 6 2.36157
15.9375 14 6 2.3079
16 14.0625 6 2.2647
16.0625 14.125 6 2.21587
16.125 14.1875 6 2.24738
16.1875 14.25 6 2.19106
16.25 14.3125 6.08 2.26001
16.25 14.375 6.08 2.21587
16.3125 14.4375 6.16 2.29105
16.3125 14.5 6.16 2.36157
16.3125 14.5625 6.16 2.2006
16.375 14.625 6.24 2.36488
16.4375 14.6875 6.24 2.45153
16.5 14.75 6.32 2.46516
16.5 14.8125 6.4 2.39546
16.5 14.875 6.48 2.51536
6 163
15.3125 12.9375 5.6 2.76735
15.375 12.9375 5.68 2.69585
15.375 12.9375 5.76 2.56445
15.375 12.875 5.84 2.43647
15.375 12.8125 5.92 2.14589
15.375 12.75 6 2.15873
15.375 12.75 6.08 2.03039
15.375 12.75 6.16 1.83162
15.3125 12.75 6.24 1.70412
15.375 12.6875 6.32 1.62432
15.375 12.6875 6.4 1.48354
15.375 12.625 6.48 1.42128
15.375 12.625 6.56 1.22463
15.375 12.6875 6.64 1.09659
15.375 12.625 6.72 0.975961
15.4375 12.625 6.8 0.854634
15.4375 12.625 6.88 0.776144
15.4375 12.625 6.96 0.724983
15.4375 12.6875 7.04 0.625
15.4375 12.6875 7.12 0.715297
15.4375 12.75 7.2 0.581464
15.4375 12.75 7.28 0.658426
15.4375 12.8125 7.36 0.658426
15.375 12.875 7.44 0.625
15.4375 12.9375 7.52 0.693109
15.4375 13 7.52 0.698373
15.375 13.0625 7.6 0.715297
15.4375 13.125 7.68 0.741772
15.4375 13.1875 7.76 0.741772
15.4375 13.25 7.84 0.658426
15.4375 13.3125 7.92 0.658426
15.4375 13.375 8 0.658426
15.5 13.4375 8.08 0.687095
15.5 13.5 8.08 0.658426
15.5625 13.5625 8.16 0.663965
15.5 13.625 8.16 0.687095
15.5 13.6875 8.24 0.609118
15.5625 13.75 8.32 0.658426
15.5625 13.8125 8.32 0.698373
15.5625 13.875 8.4 0.715297
15.5625 13.9375 8.4 0.741772
15.5625 14 8.4 0.687095
15.625 14.0625 8.48 0.687095
15.5625 14.125 8.48 0.621812
15.625 14.1875 8.56 0.621812
15.6875 14.25 8.64 0.552743
15.6875 14.3125 8.72 0.552743
15.6875 14.375 8.72 0.658426
15.75 14.4375 8.8 0.596154
15.6875 14.5 8.8 0.621812
15.75 14.5625 8.88 0.593633
15.75 14.625 8.96 0.539653
15.8125 14.6875 9.04 0.609118
15.875 14.75 9.12 0.621812
15.875 14.8125 9.2 0.621812
15.875 14.875 9.2 0.658426
15.875 14.9375 9.28 0.609118
15.9375 15 9.36 0.609118
16 15 9.44 0.621812
16.0625 15.0625 9.52 0.621812
16.0625 15.125 9.6 0.658426
16.0625 15.1875 9.68 0.658426
16.0625 15.25 9.76 0.609118
16.125 15.25 9.84 0.619395
16.1875 15.3125 9.92 0.621812
16.1875 15.375 10 0.552743
16.1875 15.4375 10.08 0.55394
16.1875 15.4375 10.16 0.53033
16.25 15.4375 10.24 0.741772
16.25 15.4375 10.32 0.715297
16.25 15.5 10.4 0.606651
16.25 15.5 10.48 0.539653
16.3125 15.5 10.56 0.715297
16.3125 15.5 10.64 0.606651
16.375 15.5625 10.72 0.625
16.375 15.5625 10.8 0.625
16.375 15.5625 10.88 0.606651
16.375 15.625 10.96 0.606651
16.4375 15.5625 11.04 0.559017
16.4375 15.625 11.12 0.619395
16.4375 15.6875 11.2 0.524976
16.5 15.625 11.28 0.55394
16.5 15.6875 11.36 0.552743
16.5 15.6875 11.44 0.559017
16.5 15.6875 11.52 0.515388
16.5625 15.6875 11.6 0.515388
16.625 15.6875 11.68 0.581464
16.625 15.6875 11.76 0.693109
16.6875 15.625 11.84 0.715297
16.6875 15.6875 11.92 0.606651
16.6875 15.6875 12 0.625
16.75 15.6875 12.08 0.707107
16.8125 15.6875 12.16 0.75223
16.8125 15.6875 12.24 0.715297
16.875 15.6875 12.32 0.693109
16.9375 15.6875 12.4 0.715297
17 15.6875 12.48 0.593633
17 15.75 12.56 0.619395
17.0625 15.6875 12.64 0.741772
17.0625 15.6875 12.72 0.625
17.0625 15.6875 12.8 0.625
17.125 15.75 12.88 0.70429
17.125 15.75 12.96 0.606651
17.1875 15.75 13.04 0.812158
17.25 15.6875 13.12 0.707107
17.25 15.75 13.2 0.707107
17.3125 15.6875 13.28 0.736817
17.3125 15.75 13.36 0.625
17.375 15.75 13.44 0.812158
17.375 15.8125 13.52 0.625
17.4375 15.75 13.6 0.606651
17.4375 15.8125 13.68 0.625
17.5 15.8125 13.76 0.715297
17.5 15.8125 13.84 0.619395
17.5625 15.8125 13.92 0.581464
17.5625 15.875 14 0.625
17.625 15.8125 14.08 0.593633
17.625 15.875 14.16 0.715297
17.625 15.875 14.24 0.619395
17.625 15.875 14.32 0.55394
17.6875 15.875 14.4 0.552743
17.75 15.875 14.48 0.55394
17.75 15.875 14.56 0.53033
17.75 15.875 14.64 0.55394
17.75 15.875 14.72 0.619395
17.8125 15.8125 14.8 0.619395
17.8125 15.8125 14.88 0.715297
17.8125 15.8125 14.96 0.625
17.875 15.75 15.04 0.707107
17.875 15.75 15.12 0.625
17.9375 15.75 15.2 0.625
17.9375 15.75 15.28 0.625
17.9375 15.75 15.36 0.625
17.9375 15.6875 15.44 0.625
18 15.6875 15.52 0.645155
18 15.6875 15.6 0.707107
18 15.6875 15.68 0.707107
18 15.625 15.76 0.812158
18.0625 15.625 15.84 0.673146
18.0625 15.625 15.92 0.736817
18.125 15.5625 16 0.645155
18.125 15.5625 16.08 0.707107
18.125 15.5625 16.16 0.715297
18.1875 15.5625 16.24 0.625
18.1875 15.5625 16.32 0.645155
18.1875 15.5625 16.4 0.625
18.1875 15.5 16.48 0.707107
18.25 15.5625 16.56 0.715297
18.25 15.5 16.64 0.707107
18.25 15.4375 16.72 0.724983
18.3125 15.4375 16.8 0.702157
18.3125 15.4375 16.88 0.724983
18.375 15.4375 16.96 0.788051
18.375 15.4375 17.04 0.800391
18.375 15.4375 17.12 0.800391
18.4375 15.4375 17.2 0.894553
18.5 15.4375 17.28 0.943398
18.5625 15.4375 17.36 0.894553
18.625 15.375 17.44 0.95373
18.6875 15.375 17.52 0.969974
18.6875 15.3125 17.6 0.933287
18.75 15.3125 17.68 1.0152
18.8125 15.3125 17.76 0.95373
7 52
14.0625 14.4375 8.64 1.27465
14 14.5 8.64 1.22463
13.9375 14.5625 8.72 1.15435
13.875 14.5625 8.72 1.13387
13.8125 14.5625 8.72 1.04553
13.75 14.625 8.8 0.992018
13.6875 14.6875 8.8 1.0152
13.6875 14.75 8.8 0.968104
13.6875 14.8125 8.8 0.943398
13.625 14.875 8.8 0.894553
13.625 14.9375 8.88 0.874643
13.5625 15 8.96 0.821721
13.5 15.0625 9.04 0.812158
13.4375 15.0625 9.12 0.821721
13.375 15 9.12 0.838153
13.3125 15.0625 9.2 0.847423
13.25 15.125 9.2 0.96
13.1875 15.1875 9.28 0.894553
13.125 15.1875 9.28 0.95373
13.0625 15.1875 9.28 1.02286
13 15.25 9.36 0.883883
12.9375 15.3125 9.44 0.898248
12.875 15.375 9.52 0.883883
12.8125 15.4375 9.6 0.854634
12.75 15.5 9.68 0.943398
12.75 15.5 9.76 0.746224
12.6875 15.5625 9.84 0.894553
12.6875 15.5625 9.92 0.800391
12.6875 15.5625 10 0.854634
12.625 15.625 10.08 0.776144
12.625 15.6875 10.16 0.760345
12.625 15.6875 10.24 0.800391
12.625 15.75 10.32 0.883883
12.625 15.75 10.4 0.898248
12.625 15.8125 10.48 1.04553
12.625 15.875 10.56 1.08224
12.625 15.9375 10.64 1.06771
12.625 15.9375 10.72 1.00581
12.625 16 10.8 0.976281
12.625 16 10.88 0.933287
12.625 16 10.96 0.861989
12.5625 16.0625 11.04 0.883883
12.5625 16.0625 11.12 0.883883
12.5625 16.125 11.2 0.816226
12.5625 16.125 11.28 0.796021
12.625 16.0625 11.36 0.816226
12.625 16.125 11.44 0.898248
12.6875 16.125 11.52 0.951643
12.75 16.1875 11.6 0.894553
12.75 16.25 11.68 1.0152
12.8125 16.25 11.76 0.875
12.875 16.25 11.84 0.861989
8 116
14.125 14.4375 8.72 1.22463
14.125 14.5 8.8 1.14552
14.1875 14.4375 8.88 1.02286
14.1875 14.5 8.96 0.943398
14.25 14.4375 9.04 0.728869
14.25 14.5 9.12 0.724983
14.25 14.5 9.2 0.736817
14.3125 14.5 9.28 0.702157
14.3125 14.5625 9.36 0.821721
14.25 14.5625 9.44 0.707107
14.25 14.625 9.52 0.637377
14.25 14.625 9.6 0.707107
14.25 14.625 9.68 0.625
14.1875 14.6875 9.76 0.693109
14.1875 14.6875 9.84 0.812158
14.125 14.6875 9.92 0.707107
14.125 14.6875 10 0.707107
14.0625 14.75 10.08 0.812158
14 14.75 10.16 0.707107
13.9375 14.8125 10.24 0.812158
13.875 14.875 10.32 0.812158
13.875 14.875 10.4 0.707107
13.8125 14.875 10.48 0.821721
13.8125 14.8125 10.56 0.812158
13.75 14.8125 10.64 0.812158
13.6875 14.8125 10.72 0.702157
13.625 14.875 10.8 0.70429
13.625 14.8125 10.88 0.645155
13.5625 14.8125 10.96 0.715297
13.5 14.8125 11.04 0.625
13.4375 14.8125 11.12 0.625
13.4375 14.75 11.2 0.524976
13.375 14.75 11.28 0.593633
13.3125 14.75 11.36 0.55394
13.3125 14.6875 11.44 0.552743
13.3125 14.625 11.52 0.55545
13.25 14.5625 11.6 0.492976
13.1875 14.5 11.68 0.609118
13.125 14.5 11.76 0.593633
13.0625 14.4375 11.84 0.539653
13 14.4375 11.92 0.658426
12.9375 14.375 12 0.609118
12.875 14.3125 12.08 0.658426
12.8125 14.25 12.16 0.609118
12.75 14.25 12.24 0.524976
12.75 14.1875 12.32 0.609118
12.6875 14.125 12.4 0.508576
12.625 14.0625 12.48 0.478252
12.625 14.125 12.56 0.621812
12.5625 14.125 12.64 0.609118
12.5625 14.125 12.72 0.609118
12.5 14.1875 12.8 0.658426
12.4375 14.1875 12.88 0.621812
12.375 14.1875 12.96 0.524976
12.4375 14.25 13.04 0.559017
12.375 14.25 13.12 0.625
12.375 14.25 13.2 0.625
12.375 14.25 13.28 0.593633
12.3125 14.3125 13.36 0.539653
12.3125 14.375 13.44 0.593633
12.3125 14.4375 13.52 0.693109
12.3125 14.4375 13.6 0.812158
12.375 14.5 13.68 0.625
12.375 14.5625 13.76 0.625
12.375 14.625 13.84 0.75223
12.4375 14.6875 13.92 0.625
12.4375 14.75 14 0.715297
12.4375 14.8125 14 0.731163
12.5 14.875 14.08 0.715297
12.5625 14.9375 14.16 0.715297
12.625 15 14.16 0.715297
12.625 15.0625 14.24 0.715297
12.6875 15.125 14.32 0.658426
12.75 15.1875 14.32 0.741772
12.8125 15.25 14.4 0.741772
12.875 15.3125 14.48 0.715297
12.9375 15.375 14.56 0.715297
13 15.375 14.56 0.741772
13.0625 15.4375 14.64 0.715297
13.125 15.5 14.72 0.715297
13.1875 15.5625 14.8 0.715297
13.25 15.5625 14.88 0.702157
13.3125 15.5625 14.96 0.812158
13.3125 15.625 15.04 0.821721
13.3125 15.625 15.12 0.702157
13.375 15.625 15.2 0.724983
13.375 15.625 15.28 0.707107
13.375 15.5625 15.36 0.724983
13.375 15.5625 15.44 0.776144
13.375 15.5625 15.52 0.75
13.4375 15.5 15.6 0.75
13.4375 15.5 15.68 0.75
13.4375 15.5 15.76 0.75
13.4375 15.5 15.84 0.800391
13.4375 15.5 15.92 0.728869
13.4375 15.5 16 0.800391
13.4375 15.5 16.08 0.800391
13.4375 15.4375 16.16 0.883883
13.4375 15.4375 16.24 0.883883
13.375 15.4375 16.32 0.95373
13.375 15.375 16.4 0.95373
13.375 15.375 16.48 0.883883
13.375 15.375 16.56 0.894553
13.3125 15.375 16.64 0.766877
13.3125 15.3125 16.72 0.854634
13.3125 15.25 16.8 0.800391
13.3125 15.25 16.88 0.816226
13.25 15.25 16.96 0.800391
13.25 15.1875 17.04 0.95373
13.25 15.1875 17.12 0.883883
13.25 15.1875 17.2 0.816226
13.25 15.125 17.28 0.883883
13.25 15.125 17.36 0.883883
13.25 15.125 17.44 0.883883
13.25 15.125 17.52 0.883883
13.1875 15.0625 17.6 0.898248
9 91
17.5 20 2.72 2.2035
17.4375 19.9375 2.64 2.49548
17.375 19.9375 2.72 2.43588
17.375 19.9375 2.8 2.33063
17.3125 19.875 2.88 2.30489
17.3125 19.8125 2.96 2.31043
17.25 19.75 3.04 2.32699
17.25 19.75 3.12 2.32513
17.25 19.6875 3.2 2.25914
17.1875 19.625 3.28 2.84255
17.1875 19.5625 3.36 2.84255
17.25 19.5625 3.44 2.72113
17.1875 19.5 3.52 2.84255
17.1875 19.4375 3.6 2.39348
17.125 19.4375 3.68 2.72113
17.125 19.375 3.76 2.47758
17.125 19.375 3.84 2.72113
17.125 19.3125 3.92 2.84255
17.125 19.3125 4 2.76735
17.0625 19.25 4.08 2.76735
17 19.1875 4.16 2.76735
17 19.125 4.24 2.56457
17 19.0625 4.32 2.61274
16.9375 19 4.4 2.76735
16.9375 19 4.48 2.8453
17 18.9375 4.56 2.77017
16.9375 18.875 4.64 2.71825
16.9375 18.8125 4.72 2.84255
16.875 18.75 4.8 2.72113
16.9375 18.6875 4.88 2.71825
16.9375 18.625 4.96 2.66602
16.9375 18.5625 5.04 2.66602
16.9375 18.5 5.12 2.76735
17 18.4375 5.2 2.71825
16.9375 18.375 5.28 2.52144
16.9375 18.3125 5.28 2.71825
16.9375 18.25 5.36 2.51846
16.9375 18.1875 5.36 2.69585
16.9375 18.125 5.44 2.76735
16.875 18.0625 5.44 2.76735
16.875 18 5.52 2.76735
16.875 17.9375 5.6 2.61274
16.875 17.875 5.6 2.71825
16.875 17.8125 5.68 2.76735
16.8125 17.75 5.68 2.69585
16.8125 17.6875 5.76 2.59786
16.75 17.625 5.84 2.39087
16.75 17.5625 5.92 2.39872
16.75 17.5 6 2.44927
16.75 17.4375 6 2.46516
16.8125 17.375 6.08 2.45308
16.8125 17.3125 6.08 2.44927
16.75 17.25 6.08 2.38432
16.8125 17.1875 6.16 2.4934
16.875 17.125 6.16 2.36805
16.8125 17.0625 6.24 2.56
16.8125 17 6.24 2.56305
16.8125 16.9375 6.24 2.2647
16.75 16.875 6.32 2.43647
16.8125 16.8125 6.32 2.42912
16.8125 16.75 6.32 2.28079
16.75 16.6875 6.4 2.36488
16.75 16.625 6.4 2.36157
16.75 16.5625 6.4 2.36157
16.75 16.5 6.4 2.3079
16.75 16.4375 6.4 2.36157
16.6875 16.375 6.4 2.31586
16.75 16.3125 6.4 2.43647
16.75 16.25 6.4 2.43647
16.8125 16.1875 6.32 2.42671
16.8125 16.125 6.32 2.43968
16.875 16.0625 6.32 2.4934
16.8125 16 6.4 2.4934
16.75 15.9375 6.4 2.56445
16.75 15.875 6.4 2.40808
16.6875 15.8125 6.4 2.45308
16.6875 15.75 6.4 2.45308
16.75 15.6875 6.32 2.36475
16.75 15.625 6.32 2.43968
16.6875 15.5625 6.4 2.56
16.6875 15.5 6.4 2.56
16.6875 15.4375 6.4 2.56
16.6875 15.375 6.4 2.36488
16.75 15.3125 6.32 2.43647
16.6875 15.25 6.32 2.43968
16.6875 15.1875 6.32 2.44927
16.625 15.125 6.32 2.56305
16.5625 15.0625 6.4 2.72
16.5625 15 6.4 2.72
16.5 14.9375 6.4 2.72287
16.5 14.875 6.48 2.51536
10 71
16.5 14.875 6.48 2.51536
16.5 14.875 6.56 2.43647
16.5625 14.8125 6.64 2.36157
16.5625 14.8125 6.72 2.23343
16.5625 14.8125 6.8 1.97528
16.5 14.75 6.88 1.91095
16.5625 14.75 6.96 1.86544
16.5625 14.75 7.04 1.69953
16.5625 14.6875 7.12 1.425
16.5625 14.6875 7.2 1.62432
16.625 14.75 7.28 1.50147
16.6875 14.75 7.36 1.4431
16.6875 14.75 7.44 1.32277
16.75 14.6875 7.52 1.03078
16.75 14.6875 7.6 1.07266
16.75 14.6875 7.68 1.13165
16.75 14.75 7.76 1.09126
16.8125 14.6875 7.84 1.00581
16.8125 14.75 7.92 1.00581
16.8125 14.75 8 1.00581
16.875 14.75 8.08 1.06066
16.875 14.75 8.16 0.931679
16.875 14.8125 8.24 1.06066
16.9375 14.8125 8.32 1.09126
16.9375 14.875 8.4 1.00581
17 14.8125 8.48 1.00581
17 14.875 8.56 0.915478
17 14.875 8.64 0.901388
17.0625 14.875 8.72 0.933287
17.0625 14.875 8.8 0.861989
17.0625 14.875 8.88 0.95373
17 14.9375 8.96 0.894553
17 14.9375 9.04 0.788051
17.0625 14.9375 9.12 0.776144
17.0625 14.9375 9.2 0.800391
17.125 14.9375 9.28 0.728869
17.125 14.9375 9.36 0.728869
17.125 14.9375 9.44 0.702157
17.125 15 9.52 0.702157
17.125 15 9.6 0.702157
17.1875 15 9.68 0.724983
17.1875 15 9.76 0.702157
17.25 15 9.84 0.724983
17.25 15.0625 9.92 0.788051
17.25 15.125 10 0.702157
17.3125 15.1875 10.08 0.874643
17.3125 15.1875 10.16 0.854634
17.375 15.25 10.24 0.943398
17.4375 15.25 10.32 0.728869
17.4375 15.3125 10.4 0.797904
17.4375 15.3125 10.48 0.713197
17.5 15.375 10.56 0.645155
17.5 15.375 10.64 0.645155
17.5625 15.4375 10.72 0.645155
17.5625 15.375 10.8 0.707107
17.625 15.4375 10.88 0.625
17.625 15.4375 10.96 0.625
17.625 15.5 11.04 0.625
17.625 15.5625 11.12 0.606651
17.625 15.625 11.2 0.693109
17.625 15.6875 11.28 0.821721
17.625 15.75 11.36 0.849765
17.625 15.8125 11.44 0.849765
17.625 15.875 11.52 0.821721
17.6875 15.9375 11.6 0.812158
17.625 16 11.6 0.75223
17.6875 16.0625 11.68 0.731163
17.6875 16.125 11.68 0.741772
17.6875 16.1875 11.76 0.741772
17.6875 16.25 11.76 0.741772
17.6875 16.3125 11.76 0.687095
11 133
18.8125 15.3125 17.76 0.95373
18.75 15.25 17.84 0.951643
18.75 15.1875 17.92 0.776144
18.75 15.1875 18 0.724983
18.75 15.1875 18.08 0.707107
18.75 15.125 18.16 0.625
18.75 15.125 18.24 0.625
18.75 15.125 18.32 0.625
18.75 15.0625 18.4 0.581464
18.75 15.0625 18.48 0.625
18.75 15.0625 18.56 0.625
18.8125 15.0625 18.64 0.625
18.8125 15.0625 18.72 0.715297
18.8125 15 18.8 0.715297
18.8125 15 18.88 0.619395
18.875 15 18.96 0.559017
18.875 15 19.04 0.658426
18.875 15 19.12 0.552743
18.9375 15 19.2 0.53033
18.9375 15 19.28 0.53033
18.9375 14.9375 19.36 0.478252
18.9375 14.9375 19.44 0.450694
18.9375 14.9375 19.52 0.450694
19 14.9375 19.6 0.450694
19.0625 14.9375 19.68 0.395285
19.0625 14.9375 19.76 0.476865
19.0625 15 19.84 0.395285
19.0625 15 19.92 0.395285
19.0625 15 20 0.395285
19.0625 14.9375 20.08 0.476865
19.125 14.9375 20.16 0.476865
19.125 14.9375 20.24 0.424882
19.125 15 20.32 0.388072
19.125 15 20.4 0.353553
19.1875 15 20.48 0.353553
19.1875 14.9375 20.56 0.388072
19.1875 14.9375 20.64 0.476865
19.1875 14.9375 20.72 0.375
19.1875 14.9375 20.8 0.388072
19.25 15 20.88 0.406079
19.3125 15 20.96 0.343548
19.375 15 21.04 0.296816
19.4375 15 21.12 0.25
19.4375 14.9375 21.2 0.25
19.4375 14.9375 21.28 0.25
19.4375 14.875 21.36 0.25
19.375 14.875 21.44 0.32
19.3125 14.8125 21.52 0.203039
19.25 14.8125 21.52 0.203039
19.1875 14.8125 21.52 0.203039
19.125 14.75 21.6 0.203039
19.125 14.6875 21.6 0.203039
19.125 14.625 21.6 0.203039
19.0625 14.5625 21.6 0.203039
19.0625 14.5 21.6 0.203039
19.0625 14.4375 21.6 0.125
19 14.375 21.6 0.16
19 14.3125 21.52 0.203039
18.9375 14.25 21.52 0.238432
19 14.1875 21.52 0.203039
19 14.125 21.52 0.203039
19 14.0625 21.52 0.238432
19 14 21.52 0.238432
19.0625 13.9375 21.52 0.238432
19.125 13.875 21.52 0.238432
19.1875 13.8125 21.52 0.203039
19.25 13.75 21.44 0.203039
19.3125 13.75 21.44 0.238432
19.375 13.6875 21.44 0.238432
19.4375 13.6875 21.44 0.203039
19.5 13.6875 21.36 0.203039
19.5625 13.625 21.36 0.238432
19.625 13.625 21.36 0.203039
19.6875 13.625 21.28 0.203039
19.75 13.625 21.28 0.203039
19.8125 13.625 21.2 0.203039
19.875 13.625 21.2 0.238432
19.9375 13.625 21.2 0.203039
20 13.625 21.12 0.238432
20.0625 13.625 21.12 0.238432
20.125 13.625 21.12 0.203039
20.1875 13.6875 21.04 0.203039
20.25 13.75 21.04 0.203039
20.3125 13.75 21.04 0.203039
20.375 13.8125 21.12 0.203039
20.4375 13.8125 21.12 0.238432
20.5 13.875 21.2 0.203039
20.5625 13.8125 21.28 0.238432
20.625 13.875 21.36 0.238432
20.6875 13.875 21.44 0.203039
20.6875 13.875 21.52 0.25
20.6875 13.875 21.6 0.25
20.6875 13.9375 21.68 0.238432
20.6875 13.9375 21.76 0.25
20.6875 13.9375 21.84 0.238432
20.6875 14 21.92 0.25
20.6875 14.0625 22 0.238432
20.6875 14.125 22.08 0.238432
20.75 14.1875 22.16 0.238432
20.75 14.25 22.24 0.238432
20.8125 14.3125 22.32 0.238432
20.875 14.375 22.4 0.203039
20.875 14.4375 22.48 0.203039
20.9375 14.5 22.48 0.238432
20.9375 14.5625 22.48 0.238432
21 14.625 22.56 0.203039
21.0625 14.625 22.56 0.238432
21.125 14.625 22.56 0.25
21.1875 14.6875 22.64 0.238432
21.25 14.6875 22.64 0.32
21.3125 14.75 22.72 0.238432
21.375 14.75 22.72 0.238432
21.4375 14.75 22.8 0.25
21.4375 14.75 22.88 0.25
21.5 14.75 22.96 0.238432
21.5 14.75 23.04 0.238432
21.5 14.6875 23.12 0.238432
21.4375 14.6875 23.2 0.238432
21.4375 14.625 23.28 0.238432
21.375 14.625 23.36 0.176777
21.3125 14.5625 23.44 0.203039
21.25 14.5 23.52 0.203039
21.1875 14.4375 23.52 0.238432
21.125 14.4375 23.52 0.238432
21.0625 14.5 23.6 0.238432
21 14.5 23.68 0.176777
20.9375 14.4375 23.68 0.238432
20.875 14.4375 23.76 0.16
20.8125 14.4375 23.84 0.16
20.75 14.4375 23.84 0.16
20.6875 14.4375 23.92 0.16
20.625 14.4375 23.92 0.16
20.5625 14.375 23.92 0.203039
12 210
18.8125 15.3125 17.76 0.95373
18.875 15.375 17.84 0.831174
18.9375 15.4375 17.92 0.715297
19 15.5 18 0.609118
19.0625 15.5625 18.08 0.609118
19.0625 15.5625 18.16 0.492976
19.0625 15.625 18.24 0.476865
19.125 15.625 18.32 0.476865
19.1875 15.625 18.4 0.407707
19.1875 15.625 18.48 0.450694
19.1875 15.625 18.56 0.450694
19.1875 15.6875 18.64 0.492976
19.1875 15.6875 18.72 0.53033
19.1875 15.75 18.8 0.492976
19.1875 15.75 18.88 0.476865
19.25 15.75 18.96 0.476865
19.25 15.8125 19.04 0.450694
19.3125 15.8125 19.12 0.476865
19.3125 15.875 19.2 0.476865
19.3125 15.875 19.28 0.450694
19.3125 15.875 19.36 0.476865
19.3125 15.9375 19.44 0.476865
19.3125 15.9375 19.52 0.388072
19.375 16 19.6 0.353553
19.375 16 19.68 0.375
19.375 16 19.76 0.424882
19.375 16.0625 19.84 0.353553
19.375 16.0625 19.92 0.353553
19.375 16.0625 20 0.375
19.375 16.0625 20.08 0.388072
19.4375 16.0625 20.16 0.353553
19.4375 16.0625 20.24 0.353553
19.4375 16.0625 20.32 0.388072
19.4375 16 20.4 0.424882
19.375 16 20.48 0.476865
19.4375 15.9375 20.56 0.388072
19.375 15.9375 20.64 0.424882
19.375 15.875 20.72 0.375
19.3125 15.8125 20.8 0.424882
19.25 15.8125 20.88 0.424882
19.25 15.75 20.96 0.476865
19.25 15.6875 21.04 0.406079
19.1875 15.625 21.12 0.406079
19.1875 15.5625 21.2 0.406079
19.125 15.5 21.28 0.343548
19.0625 15.4375 21.36 0.343548
19 15.375 21.44 0.343548
18.9375 15.3125 21.52 0.343548
18.9375 15.25 21.52 0.406079
18.875 15.1875 21.6 0.343548
18.8125 15.125 21.68 0.343548
18.75 15.0625 21.76 0.343548
18.75 15 21.76 0.343548
18.6875 14.9375 21.84 0.343548
18.6875 14.875 21.92 0.343548
18.625 14.8125 22 0.296816
18.5625 14.75 22.08 0.365582
18.5625 14.75 22.16 0.343548
18.5 14.6875 22.24 0.353553
18.5 14.625 22.32 0.322064
18.4375 14.625 22.4 0.406079
18.4375 14.625 22.48 0.296816
18.4375 14.5625 22.56 0.279508
18.375 14.5625 22.64 0.322064
18.375 14.5 22.72 0.322064
18.375 14.5 22.8 0.353553
18.375 14.5 22.88 0.353553
18.375 14.5 22.96 0.353553
18.375 14.5 23.04 0.353553
18.375 14.5 23.12 0.353553
18.375 14.5 23.2 0.353553
18.375 14.5 23.28 0.279508
18.4375 14.5625 23.36 0.279508
18.4375 14.5 23.44 0.353553
18.4375 14.5 23.52 0.279508
18.5 14.5625 23.6 0.406079
18.5 14.5625 23.68 0.353553
18.5 14.5625 23.76 0.296816
18.5625 14.625 23.84 0.353553
18.5625 14.625 23.92 0.322064
18.5625 14.625 24 0.279508
18.625 14.6875 24.08 0.322064
18.6875 14.6875 24.16 0.365582
18.6875 14.6875 24.24 0.322064
18.6875 14.6875 24.32 0.279508
18.75 14.75 24.4 0.322064
18.75 14.75 24.48 0.279508
18.75 14.8125 24.56 0.296816
18.8125 14.875 24.64 0.296816
18.875 14.875 24.72 0.343548
18.875 14.875 24.8 0.296816
18.9375 14.9375 24.88 0.296816
19 15 24.96 0.279508
19.0625 15.0625 25.04 0.296816
19.125 15.0625 25.12 0.296816
19.1875 15.0625 25.2 0.353553
19.25 15.0625 25.28 0.296816
19.25 15.125 25.36 0.25
19.3125 15.125 25.44 0.296816
19.3125 15.125 25.52 0.353553
19.375 15.125 25.6 0.279508
19.4375 15.125 25.68 0.32
19.5 15.0625 25.76 0.238432
19.5 15.0625 25.84 0.176777
19.5 15 25.92 0.238432
19.5625 15 26 0.203039
19.5 15 26.08 0.176777
19.4375 14.9375 26.08 0.238432
19.4375 14.875 26.16 0.238432
19.375 14.8125 26.16 0.203039
19.3125 14.75 26.24 0.203039
19.25 14.6875 26.24 0.32
19.1875 14.625 26.32 0.32
19.125 14.625 26.32 0.32
19.0625 14.5625 26.32 0.32
19 14.5 26.24 0.32
18.9375 14.5 26.24 0.32
18.875 14.4375 26.24 0.343548
18.8125 14.4375 26.24 0.343548
18.75 14.4375 26.24 0.343548
18.6875 14.375 26.24 0.343548
18.625 14.3125 26.24 0.296816
18.5625 14.3125 26.16 0.32
18.5 14.3125 26.16 0.32
18.4375 14.25 26.16 0.32
18.375 14.1875 26.16 0.32
18.3125 14.125 26.08 0.32
18.25 14.0625 26.08 0.238432
18.1875 14 26.08 0.238432
18.125 13.9375 26.08 0.238432
18.0625 13.9375 26.08 0.32
18 13.875 26.16 0.32
17.9375 13.8125 26.16 0.32
17.875 13.8125 26.16 0.238432
17.8125 13.75 26.24 0.203039
17.8125 13.6875 26.32 0.203039
17.75 13.625 26.4 0.296816
17.6875 13.625 26.48 0.279508
17.625 13.625 26.56 0.25
17.6875 13.5625 26.64 0.343548
17.625 13.5625 26.72 0.296816
17.625 13.5 26.8 0.279508
17.625 13.5 26.88 0.238432
17.625 13.5 26.96 0.176777
17.625 13.5 27.04 0.238432
17.625 13.5 27.12 0.176777
17.5625 13.5625 27.2 0.203039
17.5625 13.5 27.28 0.25
17.5625 13.5 27.36 0.279508
17.5 13.5 27.44 0.296816
17.5 13.5 27.52 0.25
17.5 13.5625 27.6 0.279508
17.4375 13.5625 27.68 0.238432
17.4375 13.625 27.76 0.203039
17.375 13.625 27.84 0.176777
17.3125 13.625 27.84 0.203039
17.25 13.5625 27.92 0.203039
17.1875 13.5 28 0.203039
17.125 13.4375 28.08 0.238432
17.125 13.375 28.08 0.32
17.125 13.3125 28.08 0.32
17.125 13.25 28.08 0.32
17.125 13.1875 28.08 0.32
17.125 13.125 28.08 0.279508
17.1875 13.0625 28.08 0.32
17.25 13 28 0.203039
17.3125 12.9375 28 0.125
17.375 12.875 27.92 0.125
17.4375 12.8125 27.84 0.16
17.5 12.875 27.76 0.125
17.5625 12.8125 27.68 0.176777
17.625 12.75 27.68 0.238432
17.6875 12.6875 27.68 0.238432
17.6875 12.625 27.68 0.238432
17.75 12.5625 27.68 0.203039
17.75 12.5 27.68 0.238432
17.75 12.4375 27.76 0.203039
17.6875 12.4375 27.84 0.203039
17.75 12.375 27.92 0.203039
17.6875 12.3125 27.92 0.32
17.6875 12.25 28 0.203039
17.625 12.25 28.08 0.203039
17.5625 12.1875 28.08 0.25
17.5 12.25 28.08 0.32
17.4375 12.25 28.16 0.203039
17.375 12.3125 28.16 0.203039
17.3125 12.375 28.24 0.203039
17.25 12.4375 28.24 0.238432
17.1875 12.4375 28.24 0.32
17.125 12.4375 28.24 0.238432
17.0625 12.5 28.32 0.25
17.0625 12.5625 28.4 0.32
17.0625 12.625 28.48 0.203039
17 12.6875 28.48 0.238432
17 12.75 28.48 0.25
17 12.8125 28.56 0.32
17 12.875 28.56 0.343548
17 12.9375 28.56 0.343548
17 13 28.56 0.296816
17.0625 13.0625 28.64 0.32
17.0625 13.125 28.64 0.32
17.125 13.1875 28.64 0.32
17.1875 13.25 28.64 0.32
17.25 13.3125 28.72 0.32
17.3125 13.3125 28.72 0.32
17.375 13.375 28.72 0.343548
17.4375 13.375 28.72 0.343548
17.5 13.375 28.72 0.343548
17.5625 13.375 28.8 0.343548
17.625 13.3125 28.88 0.25
13 286
12.875 16.25 11.84 0.861989
12.9375 16.3125 11.84 0.728869
13 16.375 11.76 0.559017
13.0625 16.4375 11.68 0.511517
13.125 16.5 11.68 0.296816
13.1875 16.5625 11.68 0.203039
13.25 16.625 11.68 0.16
13.3125 16.6875 11.68 0.16
13.375 16.75 11.68 0.203039
13.4375 16.8125 11.68 0.32
13.5 16.75 11.76 0.238432
13.5625 16.75 11.76 0.343548
13.625 16.6875 11.84 0.322064
13.6875 16.6875 11.92 0.296816
13.6875 16.625 12 0.322064
13.6875 16.625 12.08 0.353553
13.6875 16.625 12.16 0.388072
13.6875 16.5625 12.24 0.353553
13.6875 16.5 12.32 0.279508
13.75 16.4375 12.4 0.343548
13.75 16.375 12.48 0.322064
13.6875 16.375 12.56 0.406079
13.75 16.3125 12.64 0.406079
13.6875 16.3125 12.72 0.388072
13.6875 16.25 12.8 0.406079
13.625 16.25 12.88 0.353553
13.625 16.25 12.96 0.406079
13.625 16.25 13.04 0.296816
13.625 16.25 13.12 0.25
13.625 16.1875 13.2 0.25
13.5625 16.25 13.28 0.279508
13.5625 16.25 13.36 0.279508
13.5 16.3125 13.44 0.296816
13.5 16.3125 13.52 0.353553
13.5 16.375 13.6 0.322064
13.4375 16.4375 13.6 0.388072
13.4375 16.5 13.68 0.406079
13.4375 16.5625 13.68 0.406079
13.375 16.625 13.68 0.406079
13.375 16.6875 13.68 0.406079
13.4375 16.75 13.76 0.365582
13.4375 16.8125 13.76 0.406079
13.4375 16.875 13.84 0.424882
13.4375 16.9375 13.84 0.424882
13.4375 17 13.92 0.406079
13.4375 17.0625 13.92 0.406079
13.4375 17.125 13.92 0.406079
13.4375 17.1875 13.92 0.406079
13.5 17.25 14 0.343548
13.5625 17.3125 14.08 0.296816
13.625 17.375 14.16 0.296816
13.625 17.4375 14.24 0.238432
13.6875 17.4375 14.32 0.238432
13.75 17.5 14.4 0.238432
13.75 17.5 14.48 0.25
13.8125 17.5 14.56 0.279508
13.8125 17.5 14.64 0.25
13.8125 17.5625 14.72 0.25
13.875 17.5 14.8 0.279508
13.875 17.5 14.88 0.296816
13.9375 17.5 14.96 0.279508
13.9375 17.5 15.04 0.296816
13.9375 17.5 15.12 0.238432
14 17.5 15.2 0.203039
13.9375 17.4375 15.28 0.238432
14 17.375 15.36 0.25
14 17.375 15.44 0.343548
14.0625 17.3125 15.52 0.296816
14.0625 17.3125 15.6 0.25
14.0625 17.3125 15.68 0.25
14.0625 17.3125 15.76 0.25
14 17.3125 15.84 0.32
14.0625 17.25 15.92 0.238432
14 17.1875 16 0.25
14.0625 17.1875 16.08 0.25
14 17.1875 16.16 0.296816
14 17.1875 16.24 0.25
13.9375 17.125 16.32 0.279508
13.9375 17.0625 16.4 0.279508
14 17.0625 16.48 0.296816
13.9375 17.0625 16.56 0.296816
14 17 16.64 0.25
14 17.0625 16.72 0.238432
14.0625 17 16.8 0.203039
14.125 16.9375 16.88 0.238432
14.1875 16.875 16.96 0.238432
14.1875 16.875 17.04 0.25
14.1875 16.875 17.12 0.25
14.1875 16.875 17.2 0.25
14.25 16.8125 17.28 0.296816
14.3125 16.8125 17.36 0.296816
14.3125 16.8125 17.44 0.279508
14.375 16.75 17.52 0.296816
14.375 16.75 17.6 0.353553
14.4375 16.6875 17.68 0.296816
14.4375 16.6875 17.76 0.279508
14.4375 16.6875 17.84 0.296816
14.4375 16.625 17.92 0.353553
14.4375 16.625 18 0.279508
14.4375 16.625 18.08 0.279508
14.4375 16.5625 18.16 0.279508
14.4375 16.5625 18.24 0.279508
14.4375 16.625 18.32 0.25
14.4375 16.5625 18.4 0.279508
14.4375 16.5625 18.48 0.25
14.4375 16.5 18.56 0.279508
14.4375 16.5 18.64 0.343548
14.4375 16.4375 18.72 0.238432
14.4375 16.4375 18.8 0.176777
14.4375 16.375 18.88 0.25
14.4375 16.375 18.96 0.25
14.5 16.375 19.04 0.343548
14.5 16.3125 19.12 0.296816
14.5625 16.25 19.2 0.296816
14.5625 16.25 19.28 0.279508
14.5625 16.25 19.36 0.296816
14.5625 16.1875 19.44 0.296816
14.5625 16.1875 19.52 0.279508
14.5625 16.1875 19.6 0.25
14.5625 16.1875 19.68 0.279508
14.5 16.125 19.76 0.322064
14.5 16.1875 19.84 0.25
14.5625 16.1875 19.92 0.203039
14.5 16.125 20 0.176777
14.5 16.125 20.08 0.238432
14.4375 16.125 20.16 0.238432
14.4375 16.125 20.24 0.176777
14.375 16.125 20.32 0.238432
14.4375 16.125 20.4 0.238432
14.4375 16.0625 20.48 0.296816
14.4375 16 20.56 0.343548
14.4375 16 20.64 0.296816
14.4375 15.9375 20.72 0.296816
14.4375 15.9375 20.8 0.343548
14.4375 15.875 20.88 0.296816
14.4375 15.8125 20.96 0.25
14.4375 15.8125 21.04 0.279508
14.4375 15.8125 21.12 0.25
14.4375 15.8125 21.2 0.25
14.4375 15.75 21.28 0.279508
14.4375 15.8125 21.36 0.25
14.4375 15.8125 21.44 0.25
14.5 15.8125 21.52 0.25
14.5 15.8125 21.6 0.25
14.4375 15.875 21.68 0.238432
14.4375 15.9375 21.68 0.203039
14.4375 16 21.76 0.16
14.375 16.0625 21.76 0.16
14.3125 16.125 21.76 0.16
14.25 16.125 21.76 0.16
14.1875 16.0625 21.76 0.203039
14.125 16.0625 21.76 0.238432
14.0625 16.125 21.76 0.238432
14 16.125 21.76 0.32
13.9375 16.1875 21.76 0.32
13.875 16.25 21.76 0.32
13.8125 16.25 21.76 0.32
13.75 16.3125 21.76 0.32
13.6875 16.3125 21.76 0.32
13.625 16.375 21.76 0.32
13.5625 16.375 21.76 0.32
13.5 16.4375 21.76 0.32
13.4375 16.4375 21.76 0.32
13.375 16.5 21.76 0.32
13.3125 16.5 21.68 0.32
13.25 16.5625 21.68 0.32
13.1875 16.625 21.68 0.343548
13.125 16.625 21.68 0.343548
13.0625 16.625 21.76 0.406079
13.0625 16.625 21.84 0.279508
13 16.5625 21.92 0.343548
12.9375 16.5 21.92 0.279508
13 16.4375 22 0.279508
13 16.4375 22.08 0.343548
13.0625 16.375 22.16 0.343548
13.0625 16.3125 22.16 0.343548
13.125 16.25 22.24 0.32
13.1875 16.25 22.24 0.343548
13.25 16.1875 22.32 0.32
13.3125 16.1875 22.32 0.343548
13.375 16.125 22.4 0.296816
13.4375 16.125 22.4 0.343548
13.5 16.125 22.48 0.322064
13.5625 16.125 22.56 0.279508
13.625 16.125 22.64 0.296816
13.625 16.125 22.72 0.296816
13.625 16.125 22.8 0.25
13.6875 16.125 22.88 0.25
13.625 16.125 22.96 0.279508
13.625 16.125 23.04 0.279508
13.625 16.1875 23.12 0.296816
13.5625 16.1875 23.2 0.279508
13.5625 16.1875 23.28 0.322064
13.5625 16.1875 23.36 0.296816
13.5625 16.25 23.44 0.25
13.5 16.25 23.52 0.353553
13.5 16.25 23.6 0.296816
13.4375 16.3125 23.68 0.279508
13.4375 16.375 23.68 0.343548
13.375 16.4375 23.76 0.343548
13.3125 16.5 23.84 0.32
13.3125 16.5625 23.84 0.343548
13.3125 16.625 23.84 0.32
13.25 16.6875 23.92 0.32
13.25 16.75 23.92 0.32
13.1875 16.8125 23.92 0.32
13.1875 16.875 23.92 0.32
13.1875 16.9375 23.84 0.32
13.1875 17 23.84 0.343548
13.1875 17.0625 23.84 0.32
13.1875 17.125 23.84 0.32
13.1875 17.1875 23.76 0.343548
13.1875 17.25 23.76 0.406079
13.1875 17.3125 23.76 0.343548
13.25 17.375 23.68 0.343548
13.25 17.4375 23.68 0.296816
13.25 17.5 23.68 0.343548
13.3125 17.5625 23.6 0.343548
13.375 17.625 23.6 0.343548
13.4375 17.6875 23.6 0.32
13.5 17.75 23.52 0.343548
13.5625 17.75 23.52 0.343548
13.625 17.75 23.52 0.343548
13.6875 17.75 23.52 0.32
13.75 17.75 23.52 0.32
13.8125 17.75 23.52 0.32
13.875 17.75 23.52 0.32
13.9375 17.75 23.52 0.32
14 17.75 23.44 0.343548
14.0625 17.75 23.44 0.343548
14.125 17.6875 23.44 0.343548
14.1875 17.75 23.44 0.32
14.25 17.6875 23.44 0.32
14.3125 17.6875 23.44 0.32
14.375 17.6875 23.44 0.32
14.4375 17.625 23.44 0.32
14.4375 17.5625 23.44 0.343548
14.5 17.5 23.44 0.322064
14.5625 17.4375 23.44 0.322064
14.625 17.375 23.52 0.343548
14.6875 17.375 23.52 0.343548
14.75 17.3125 23.6 0.343548
14.8125 17.3125 23.6 0.343548
14.875 17.25 23.68 0.343548
14.875 17.1875 23.68 0.343548
14.875 17.125 23.76 0.343548
14.9375 17.0625 23.84 0.343548
14.9375 17 23.92 0.343548
14.9375 16.9375 23.92 0.279508
15 16.875 24 0.296816
15.0625 16.8125 24.08 0.25
15.0625 16.75 24.16 0.279508
15.125 16.6875 24.24 0.296816
15.1875 16.625 24.32 0.25
15.25 16.5625 24.4 0.238432
15.25 16.5 24.48 0.238432
15.25 16.4375 24.48 0.238432
15.25 16.375 24.56 0.238432
15.3125 16.3125 24.64 0.238432
15.375 16.25 24.72 0.203039
15.375 16.1875 24.8 0.203039
15.375 16.125 24.88 0.203039
15.375 16.0625 24.96 0.176777
15.4375 16.0625 25.04 0.203039
15.5 16 25.12 0.203039
15.5625 15.9375 25.2 0.203039
15.5625 15.875 25.28 0.203039
15.625 15.875 25.36 0.16
15.6875 15.8125 25.44 0.125
15.75 15.75 25.44 0.16
15.8125 15.75 25.44 0.16
15.875 15.6875 25.44 0.16
15.9375 15.625 25.52 0.16
16 15.5625 25.6 0.16
16.0625 15.5 25.6 0.203039
16.125 15.5 25.68 0.16
16.1875 15.4375 25.68 0.16
16.1875 15.375 25.68 0.203039
16.25 15.3125 25.76 0.203039
16.3125 15.3125 25.84 0.16
16.375 15.25 25.92 0.125
16.4375 15.1875 25.92 0.16
16.5 15.125 26 0.16
16.5625 15.0625 26.08 0.176777
16.5625 15 26.16 0.203039
16.625 15 26.24 0.238432
14 54
12.875 16.25 11.84 0.861989
12.8125 16.25 11.92 0.838525
12.8125 16.3125 12 0.815414
12.8125 16.3125 12.08 0.890449
12.8125 16.3125 12.16 0.985951
12.75 16.375 12.24 0.872726
12.75 16.375 12.32 1.0152
12.75 16.4375 12.4 0.883883
12.75 16.5 12.48 0.796021
12.6875 16.5 12.56 0.728869
12.6875 16.5625 12.64 0.6919
12.6875 16.625 12.72 0.821721
12.625 16.5625 12.8 0.707107
12.5625 16.625 12.88 0.645155
12.5 16.6875 12.96 0.693109
12.4375 16.6875 13.04 0.741772
12.375 16.75 13.04 0.698373
12.3125 16.6875 13.12 0.741772
12.25 16.6875 13.12 0.687095
12.1875 16.75 13.12 0.663965
12.125 16.6875 13.2 0.663965
12.0625 16.75 13.12 0.652093
12 16.75 13.12 0.652093
11.9375 16.75 13.12 0.652093
11.875 16.6875 13.12 0.64
11.8125 16.625 13.2 0.609118
11.75 16.5625 13.2 0.652093
11.6875 16.5625 13.2 0.663965
11.625 16.5625 13.2 0.687095
11.5625 16.5625 13.2 0.663965
11.5 16.625 13.2 0.663965
11.4375 16.5625 13.2 0.621812
11.375 16.5 13.2 0.621812
11.3125 16.5 13.12 0.64
11.25 16.4375 13.12 0.64
11.1875 16.375 13.12 0.652093
11.125 16.375 13.12 0.663965
11.0625 16.3125 13.12 0.687095
11 16.25 13.04 0.693109
10.9375 16.25 13.04 0.741772
10.875 16.25 13.04 0.698373
10.8125 16.1875 12.96 0.687095
10.75 16.125 12.96 0.687095
10.6875 16.0625 12.88 0.625
10.625 16.0625 12.88 0.698373
10.5625 16 12.8 0.687095
10.5 15.9375 12.8 0.8
10.4375 15.875 12.8 0.741772
10.375 15.8125 12.72 0.75223
10.3125 15.75 12.64 0.812158
10.25 15.6875 12.56 0.812158
10.25 15.625 12.56 0.812158
10.1875 15.5625 12.48 0.812158
10.1875 15.5 12.48 0.724983
15 212
13.1875 15 17.68 0.95373
13.1875 14.9375 17.76 0.96
13.1875 14.875 17.76 0.812158
13.1875 14.8125 17.84 0.8
13.1875 14.75 17.84 0.658426
13.1875 14.6875 17.92 0.621812
13.25 14.625 18 0.609118
13.25 14.5625 18.08 0.508576
13.1875 14.5 18.16 0.476865
13.1875 14.4375 18.24 0.406079
13.125 14.375 18.32 0.406079
13.0625 14.3125 18.4 0.365582
13 14.25 18.48 0.343548
13.0625 14.1875 18.48 0.406079
13 14.125 18.56 0.365582
13 14.0625 18.56 0.406079
13.0625 14 18.64 0.353553
13 14 18.72 0.388072
13 14 18.8 0.353553
13 14 18.88 0.353553
13.0625 14 18.96 0.353553
13.0625 14 19.04 0.353553
13.0625 14 19.12 0.322064
13.125 14 19.2 0.353553
13.1875 14 19.28 0.375
13.1875 14 19.36 0.406079
13.25 14.0625 19.44 0.322064
13.25 14.0625 19.52 0.353553
13.3125 14.125 19.6 0.353553
13.3125 14.1875 19.68 0.322064
13.375 14.25 19.76 0.322064
13.375 14.25 19.84 0.296816
13.4375 14.3125 19.92 0.296816
13.4375 14.375 19.92 0.406079
13.4375 14.4375 20 0.406079
13.5 14.5 20.08 0.279508
13.5 14.5625 20.16 0.343548
13.5 14.625 20.16 0.406079
13.5 14.6875 20.24 0.406079
13.4375 14.75 20.32 0.406079
13.4375 14.8125 20.4 0.296816
13.375 14.875 20.48 0.279508
13.375 14.9375 20.56 0.343548
13.3125 14.9375 20.64 0.279508
13.3125 15 20.72 0.296816
13.3125 15 20.8 0.279508
13.25 15.0625 20.88 0.296816
13.25 15.0625 20.96 0.353553
13.25 15.125 21.04 0.343548
13.1875 15.125 21.12 0.238432
13.25 15.1875 21.2 0.176777
13.1875 15.125 21.28 0.238432
13.25 15.125 21.36 0.238432
13.25 15.0625 21.44 0.238432
13.25 15 21.52 0.238432
13.3125 14.9375 21.6 0.203039
13.3125 14.875 21.6 0.238432
13.375 14.8125 21.6 0.238432
13.375 14.75 21.68 0.203039
13.375 14.6875 21.68 0.238432
13.375 14.625 21.68 0.32
13.4375 14.5625 21.68 0.32
13.4375 14.5 21.68 0.203039
13.5 14.4375 21.68 0.16
13.5 14.375 21.68 0.16
13.5 14.3125 21.68 0.16
13.5 14.25 21.68 0.16
13.5 14.1875 21.68 0.16
13.5 14.125 21.68 0.203039
13.4375 14.0625 21.68 0.238432
13.5 14 21.68 0.203039
13.5 13.9375 21.76 0.203039
13.5 13.875 21.84 0.203039
13.5 13.8125 21.92 0.203039
13.5 13.75 22 0.238432
13.5 13.75 22.08 0.238432
13.4375 13.75 22.16 0.238432
13.4375 13.75 22.24 0.25
13.4375 13.8125 22.32 0.203039
13.375 13.8125 22.4 0.238432
13.3125 13.875 22.48 0.203039
13.25 13.875 22.56 0.238432
13.1875 13.9375 22.64 0.238432
13.125 14 22.72 0.203039
13.0625 14 22.72 0.238432
13 14 22.72 0.238432
12.9375 14 22.8 0.203039
12.875 14.0625 22.8 0.203039
12.8125 14.0625 22.8 0.238432
12.75 14.0625 22.8 0.25
12.6875 14.0625 22.8 0.25
12.625 14.0625 22.8 0.25
12.5625 14.0625 22.8 0.238432
12.5 14.125 22.8 0.203039
12.4375 14.125 22.8 0.203039
12.375 14.125 22.8 0.203039
12.3125 14.125 22.72 0.238432
12.25 14.125 22.72 0.25
12.1875 14.125 22.72 0.32
12.125 14.125 22.72 0.32
12.0625 14.125 22.72 0.32
12 14.125 22.72 0.32
11.9375 14.125 22.72 0.238432
11.875 14.125 22.64 0.238432
11.8125 14.125 22.64 0.32
11.75 14.125 22.64 0.32
11.6875 14.125 22.64 0.32
11.625 14.125 22.64 0.32
11.5625 14.125 22.64 0.32
11.5 14.125 22.64 0.238432
11.4375 14.125 22.72 0.238432
11.375 14.125 22.72 0.238432
11.3125 14.125 22.8 0.296816
11.25 14.125 22.88 0.296816
11.25 14.125 22.96 0.25
11.1875 14.1875 23.04 0.25
11.1875 14.1875 23.12 0.25
11.25 14.1875 23.2 0.238432
11.25 14.1875 23.28 0.25
11.3125 14.25 23.36 0.203039
11.375 14.25 23.44 0.203039
11.4375 14.1875 23.52 0.203039
11.5 14.125 23.6 0.176777
11.5625 14.125 23.6 0.203039
11.625 14.125 23.68 0.203039
11.6875 14.125 23.76 0.16
11.75 14.1875 23.76 0.125
11.8125 14.125 23.84 0.125
11.875 14.125 23.84 0.16
11.9375 14.0625 23.92 0.125
12 14.0625 23.92 0.125
12.0625 14.125 23.92 0.125
12.125 14.125 23.92 0.16
12.1875 14.125 23.92 0.16
12.25 14.0625 23.92 0.16
12.3125 14 23.92 0.125
12.375 13.9375 23.84 0.16
12.4375 13.875 23.84 0.125
12.5 13.8125 23.76 0.16
12.5 13.75 23.76 0.125
12.5 13.6875 23.68 0.125
12.5625 13.625 23.6 0.125
12.5 13.5625 23.52 0.203039
12.4375 13.5625 23.44 0.125
12.375 13.5 23.36 0.125
12.3125 13.4375 23.28 0.125
12.25 13.375 23.28 0.125
12.1875 13.3125 23.28 0.16
12.125 13.25 23.28 0.125
12.0625 13.1875 23.36 0.125
12 13.1875 23.36 0.16
11.9375 13.125 23.44 0.176777
11.9375 13.125 23.52 0.125
11.9375 13.125 23.6 0.16
11.875 13.125 23.68 0.125
11.875 13.0625 23.76 0.125
11.875 13 23.84 0.125
11.875 13 23.92 0.125
11.8125 12.9375 24 0.203039
11.875 12.9375 24.08 0.16
11.875 12.875 24.16 0.125
11.875 12.875 24.24 0.125
11.8125 12.8125 24.32 0.203039
11.875 12.8125 24.4 0.16
11.875 12.75 24.48 0.125
11.8125 12.6875 24.56 0.176777
11.8125 12.625 24.64 0.176777
11.875 12.625 24.72 0.16
11.875 12.5625 24.8 0.16
11.875 12.5 24.8 0.176777
11.9375 12.4375 24.88 0.16
12 12.375 24.96 0.16
12 12.3125 24.96 0.16
12 12.25 25.04 0.125
12.0625 12.1875 25.04 0.16
12.0625 12.125 25.04 0.16
12.0625 12.0625 25.04 0.125
12.125 12 25.12 0.16
12.125 11.9375 25.12 0.16
12.125 11.875 25.2 0.125
12.1875 11.8125 25.2 0.16
12.25 11.75 25.2 0.16
12.3125 11.6875 25.28 0.16
12.375 11.625 25.28 0.16
12.4375 11.5625 25.36 0.16
12.5 11.5 25.44 0.125
12.5625 11.5 25.44 0.16
12.625 11.4375 25.44 0.16
12.6875 11.375 25.52 0.125
12.75 11.4375 25.52 0.125
12.8125 11.4375 25.52 0.16
12.875 11.4375 25.52 0.16
12.9375 11.4375 25.52 0.16
13 11.375 25.52 0.16
13.0625 11.375 25.6 0.125
13.125 11.375 25.6 0.125
13.1875 11.375 25.52 0.16
13.25 11.375 25.52 0.16
13.3125 11.4375 25.52 0.125
13.375 11.375 25.52 0.16
13.4375 11.4375 25.52 0.125
13.5 11.4375 25.52 0.16
13.5625 11.4375 25.52 0.16
13.625 11.4375 25.52 0.16
13.6875 11.4375 25.44 0.125
13.75 11.5 25.44 0.125
13.8125 11.5 25.44 0.16
13.875 11.5625 25.52 0.125
13.9375 11.5625 25.52 0.16
14 11.625 25.6 0.125
14.0625 11.625 25.68 0.16
14.0625 11.625 25.76 0.16
16 60
13.1875 15.0625 17.68 0.940027
13.1875 15.125 17.76 1.0152
13.1875 15.1875 17.84 0.943398
13.125 15.25 17.92 0.736817
13.0625 15.25 18 0.812158
13.0625 15.3125 18.08 0.812158
13 15.3125 18.16 0.812158
12.9375 15.3125 18.24 0.702157
12.875 15.3125 18.32 0.707107
12.8125 15.3125 18.4 0.581464
12.8125 15.3125 18.48 0.625
12.8125 15.3125 18.56 0.625
12.8125 15.3125 18.64 0.559017
12.75 15.375 18.72 0.55394
12.75 15.3125 18.8 0.53033
12.75 15.3125 18.88 0.53033
12.6875 15.3125 18.96 0.478252
12.6875 15.3125 19.04 0.53033
12.6875 15.3125 19.12 0.450694
12.6875 15.3125 19.2 0.426439
12.75 15.3125 19.28 0.426439
12.75 15.3125 19.36 0.5
12.75 15.25 19.44 0.53033
12.75 15.25 19.52 0.53033
12.8125 15.25 19.6 0.53033
12.8125 15.25 19.68 0.5
12.8125 15.25 19.76 0.5
12.8125 15.25 19.84 0.53033
12.8125 15.25 19.92 0.53033
12.8125 15.25 20 0.450694
12.8125 15.25 20.08 0.450694
12.8125 15.3125 20.16 0.450694
12.8125 15.3125 20.24 0.53033
12.8125 15.3125 20.32 0.450694
12.8125 15.3125 20.4 0.450694
12.8125 15.375 20.48 0.450694
12.8125 15.375 20.56 0.53033
12.75 15.375 20.64 0.426439
12.75 15.4375 20.72 0.53033
12.75 15.4375 20.8 0.476865
12.75 15.5 20.88 0.407707
12.6875 15.5 20.96 0.450694
12.6875 15.5 21.04 0.450694
12.6875 15.5625 21.12 0.450694
12.6875 15.5625 21.2 0.450694
12.6875 15.5625 21.28 0.395285
12.6875 15.5625 21.36 0.395285
12.6875 15.5625 21.44 0.407707
12.6875 15.5625 21.52 0.375
12.6875 15.5625 21.6 0.407707
12.6875 15.5625 21.68 0.476865
12.6875 15.5 21.76 0.424882
12.75 15.5 21.84 0.424882
12.75 15.4375 21.92 0.406079
12.8125 15.375 22 0.406079
12.875 15.3125 22.08 0.406079
12.9375 15.25 22.08 0.424882
13 15.1875 22.16 0.424882
13.0625 15.1875 22.16 0.496009
13.125 15.125 22.24 0.476865
17 89
22.6875 15.5625 11.6 0.64
22.625 15.5 11.68 0.559017
22.5625 15.5625 11.68 0.687095
22.5 15.625 11.68 0.619395
22.4375 15.6875 11.68 0.687095
22.375 15.6875 11.68 0.715297
22.3125 15.75 11.68 0.8
22.25 15.75 11.68 0.715297
22.1875 15.8125 11.76 0.687095
22.125 15.875 11.76 0.698373
22.0625 15.9375 11.76 0.687095
22 16 11.76 0.663965
21.9375 16 11.76 0.715297
21.875 16.0625 11.76 0.715297
21.875 16.125 11.84 0.741772
21.8125 16.1875 11.84 0.8
21.75 16.25 11.84 0.8
21.6875 16.3125 11.84 0.8
21.6875 16.375 11.84 0.8
21.625 16.4375 11.84 0.8
21.5625 16.4375 11.92 0.8
21.5 16.5 11.92 0.8
21.5 16.5625 11.92 0.8
21.4375 16.625 11.92 0.8
21.4375 16.6875 11.92 0.741772
21.375 16.75 11.92 0.687095
21.3125 16.6875 12 0.687095
21.25 16.75 12 0.606651
21.25 16.8125 12 0.658426
21.1875 16.875 12.08 0.621812
21.125 16.875 12.08 0.619395
21.0625 16.9375 12.16 0.552743
21 17 12.16 0.621812
21 17.0625 12.16 0.609118
21 17.125 12.16 0.609118
20.9375 17.1875 12.24 0.55545
20.875 17.1875 12.24 0.478252
20.8125 17.25 12.24 0.478252
20.75 17.3125 12.24 0.407707
20.6875 17.3125 12.24 0.407707
20.625 17.3125 12.32 0.353553
20.5625 17.3125 12.32 0.279508
20.5 17.375 12.32 0.25
20.4375 17.375 12.32 0.25
20.375 17.375 12.4 0.322064
20.3125 17.4375 12.4 0.322064
20.25 17.4375 12.4 0.48
20.1875 17.4375 12.4 0.375
20.125 17.4375 12.4 0.424882
20.0625 17.4375 12.32 0.48
20 17.4375 12.32 0.48
19.9375 17.4375 12.32 0.48
19.875 17.4375 12.32 0.48
19.8125 17.4375 12.4 0.375
19.75 17.4375 12.4 0.353553
19.6875 17.375 12.4 0.406079
19.625 17.375 12.4 0.424882
19.5625 17.375 12.4 0.48
19.5 17.375 12.4 0.48
19.4375 17.3125 12.4 0.48
19.375 17.3125 12.4 0.48
19.3125 17.3125 12.4 0.48
19.25 17.25 12.4 0.48
19.1875 17.25 12.4 0.48
19.125 17.1875 12.4 0.48
19.0625 17.125 12.4 0.48
19 17.0625 12.4 0.48
18.9375 17 12.32 0.426439
18.875 17 12.32 0.492976
18.8125 17 12.32 0.492976
18.75 16.9375 12.32 0.450694
18.6875 16.9375 12.32 0.609118
18.625 16.9375 12.32 0.64
18.5625 16.9375 12.24 0.621812
18.5 16.9375 12.24 0.609118
18.4375 16.875 12.32 0.55545
18.375 16.875 12.24 0.621812
18.3125 16.8125 12.24 0.596154
18.3125 16.75 12.32 0.609118
18.25 16.6875 12.32 0.658426
18.1875 16.625 12.24 0.812158
18.125 16.5625 12.24 0.698373
18.0625 16.5 12.16 0.741772
18 16.4375 12.16 0.687095
17.9375 16.4375 12.08 0.658426
17.875 16.375 12 0.621812
17.8125 16.375 11.92 0.621812
17.75 16.375 11.84 0.621812
17.6875 16.3125 11.76 0.687095
18 289
17.6875 16.3125 11.76 0.687095
17.625 16.375 11.76 0.596154
17.5625 16.4375 11.76 0.511517
17.5 16.5 11.76 0.48
17.4375 16.5625 11.76 0.406079
17.4375 16.625 11.76 0.406079
17.4375 16.6875 11.76 0.343548
17.4375 16.75 11.76 0.32
17.4375 16.8125 11.84 0.203039
17.5 16.875 11.84 0.16
17.4375 16.9375 11.76 0.176777
17.4375 17 11.76 0.203039
17.4375 17.0625 11.76 0.16
17.4375 17.125 11.76 0.16
17.5 17.1875 11.76 0.125
17.4375 17.25 11.76 0.203039
17.4375 17.3125 11.76 0.238432
17.5 17.375 11.76 0.238432
17.5625 17.4375 11.76 0.32
17.625 17.5 11.76 0.238432
17.6875 17.5 11.76 0.238432
17.75 17.5625 11.84 0.203039
17.8125 17.625 11.92 0.32
17.8125 17.6875 12 0.203039
17.875 17.625 12.08 0.203039
17.9375 17.625 12.16 0.203039
17.875 17.6875 12.24 0.203039
17.9375 17.6875 12.32 0.203039
17.9375 17.625 12.4 0.176777
17.9375 17.625 12.48 0.176777
18 17.5625 12.56 0.203039
18 17.5 12.64 0.176777
18.0625 17.4375 12.72 0.203039
18.0625 17.375 12.8 0.176777
18.0625 17.375 12.88 0.176777
18.125 17.4375 12.96 0.16
18.125 17.4375 13.04 0.16
18.0625 17.4375 13.12 0.16
18.125 17.375 13.2 0.125
18.0625 17.3125 13.28 0.176777
18 17.3125 13.36 0.25
18 17.3125 13.44 0.238432
18 17.375 13.52 0.203039
17.9375 17.4375 13.6 0.203039
17.875 17.5 13.6 0.32
17.875 17.5625 13.68 0.343548
17.8125 17.625 13.76 0.32
17.75 17.6875 13.84 0.238432
17.8125 17.75 13.92 0.203039
17.75 17.8125 13.92 0.32
17.6875 17.875 14 0.25
17.6875 17.875 14.08 0.279508
17.6875 17.875 14.16 0.296816
17.625 17.9375 14.24 0.296816
17.625 17.9375 14.32 0.353553
17.625 17.9375 14.4 0.279508
17.625 17.9375 14.48 0.279508
17.625 17.9375 14.56 0.279508
17.5625 17.9375 14.64 0.296816
17.5625 17.9375 14.72 0.25
17.5625 17.9375 14.8 0.279508
17.5625 17.9375 14.88 0.279508
17.5625 17.875 14.96 0.279508
17.5625 17.8125 15.04 0.25
17.5625 17.8125 15.12 0.25
17.5 17.75 15.2 0.238432
17.5 17.75 15.28 0.25
17.5 17.75 15.36 0.25
17.5625 17.75 15.44 0.238432
17.5625 17.6875 15.52 0.238432
17.5625 17.6875 15.6 0.238432
17.5625 17.75 15.68 0.203039
17.625 17.6875 15.76 0.176777
17.625 17.6875 15.84 0.203039
17.6875 17.625 15.92 0.203039
17.625 17.625 16 0.238432
17.6875 17.5625 16.08 0.238432
17.6875 17.5 16.16 0.238432
17.75 17.5625 16.24 0.176777
17.6875 17.5 16.32 0.238432
17.6875 17.5 16.4 0.25
17.6875 17.4375 16.48 0.296816
17.625 17.4375 16.56 0.296816
17.625 17.375 16.64 0.296816
17.625 17.375 16.72 0.25
17.5625 17.3125 16.8 0.279508
17.5 17.3125 16.88 0.279508
17.5 17.3125 16.96 0.279508
17.5 17.25 17.04 0.25
17.4375 17.1875 17.12 0.296816
17.4375 17.1875 17.2 0.296816
17.375 17.125 17.28 0.365582
17.375 17.0625 17.36 0.406079
17.375 17 17.44 0.406079
17.375 16.9375 17.52 0.406079
17.3125 16.9375 17.6 0.406079
17.3125 16.875 17.68 0.406079
17.3125 16.8125 17.76 0.353553
17.3125 16.8125 17.84 0.388072
17.3125 16.8125 17.92 0.353553
17.3125 16.75 18 0.388072
17.3125 16.75 18.08 0.406079
17.3125 16.6875 18.16 0.296816
17.375 16.6875 18.24 0.343548
17.375 16.625 18.32 0.296816
17.4375 16.5625 18.4 0.296816
17.4375 16.5625 18.48 0.25
17.5 16.5625 18.56 0.25
17.5 16.5625 18.64 0.296816
17.5625 16.5 18.72 0.296816
17.5 16.5625 18.8 0.296816
17.5625 16.5 18.88 0.322064
17.5625 16.5 18.96 0.353553
17.5625 16.5 19.04 0.322064
17.625 16.4375 19.12 0.406079
17.625 16.4375 19.2 0.353553
17.625 16.4375 19.28 0.353553
17.5625 16.4375 19.36 0.353553
17.625 16.375 19.44 0.353553
17.625 16.375 19.52 0.375
17.625 16.375 19.6 0.353553
17.5625 16.375 19.68 0.353553
17.5625 16.375 19.76 0.296816
17.5625 16.3125 19.84 0.353553
17.5625 16.3125 19.92 0.296816
17.625 16.25 20 0.296816
17.5625 16.25 20.08 0.322064
17.5625 16.25 20.16 0.322064
17.5625 16.25 20.24 0.279508
17.5625 16.25 20.32 0.322064
17.5625 16.1875 20.4 0.353553
17.5 16.1875 20.48 0.353553
17.5 16.1875 20.56 0.353553
17.5 16.125 20.64 0.406079
17.4375 16.125 20.72 0.322064
17.4375 16.0625 20.8 0.296816
17.375 16 20.88 0.279508
17.375 16 20.96 0.322064
17.375 16 21.04 0.279508
17.375 16 21.12 0.279508
17.4375 16 21.2 0.296816
17.5 16 21.28 0.296816
17.5625 16.0625 21.36 0.343548
17.625 16.0625 21.44 0.25
17.6875 16.125 21.52 0.343548
17.75 16.1875 21.6 0.32
17.8125 16.25 21.6 0.32
17.875 16.25 21.6 0.32
17.9375 16.3125 21.6 0.32
18 16.3125 21.68 0.32
18.0625 16.3125 21.68 0.32
18.125 16.3125 21.68 0.32
18.1875 16.375 21.6 0.343548
18.25 16.375 21.6 0.343548
18.3125 16.4375 21.6 0.343548
18.375 16.4375 21.6 0.406079
18.4375 16.4375 21.6 0.343548
18.5 16.5 21.6 0.343548
18.5625 16.5625 21.52 0.406079
18.625 16.5625 21.52 0.406079
18.6875 16.5625 21.52 0.406079
18.75 16.625 21.44 0.365582
18.8125 16.6875 21.44 0.343548
18.875 16.75 21.36 0.343548
18.9375 16.8125 21.28 0.365582
19 16.8125 21.28 0.343548
19.0625 16.875 21.28 0.343548
19.125 16.9375 21.36 0.296816
19.1875 17 21.44 0.406079
19.1875 16.9375 21.52 0.353553
19.25 16.875 21.6 0.365582
19.1875 16.8125 21.68 0.406079
19.1875 16.75 21.76 0.343548
19.125 16.6875 21.84 0.343548
19.0625 16.625 21.84 0.343548
19 16.5625 21.92 0.343548
18.9375 16.5 22 0.343548
18.875 16.5 22 0.343548
18.8125 16.4375 22.08 0.343548
18.75 16.375 22.16 0.343548
18.6875 16.375 22.24 0.296816
18.625 16.375 22.32 0.353553
18.5625 16.3125 22.4 0.322064
18.5625 16.3125 22.48 0.388072
18.5625 16.3125 22.56 0.375
18.5625 16.3125 22.64 0.406079
18.5 16.3125 22.72 0.353553
18.5 16.3125 22.8 0.353553
18.5 16.3125 22.88 0.353553
18.5 16.3125 22.96 0.279508
18.5625 16.375 23.04 0.279508
18.5625 16.375 23.12 0.279508
18.625 16.375 23.2 0.353553
18.6875 16.375 23.28 0.343548
18.75 16.4375 23.36 0.296816
18.8125 16.5 23.44 0.296816
18.875 16.5625 23.52 0.406079
18.9375 16.625 23.6 0.343548
19 16.6875 23.6 0.343548
19.0625 16.75 23.6 0.343548
19.125 16.75 23.6 0.343548
19.1875 16.8125 23.6 0.32
19.1875 16.875 23.68 0.32
19.25 16.9375 23.68 0.32
19.3125 17 23.6 0.32
19.3125 17.0625 23.68 0.32
19.375 17.125 23.6 0.343548
19.4375 17.1875 23.6 0.343548
19.4375 17.25 23.6 0.343548
19.4375 17.3125 23.6 0.343548
19.4375 17.375 23.52 0.343548
19.4375 17.4375 23.52 0.343548
19.4375 17.5 23.52 0.365582
19.375 17.5625 23.52 0.296816
19.375 17.625 23.52 0.343548
19.3125 17.6875 23.52 0.32
19.25 17.75 23.44 0.343548
19.25 17.8125 23.44 0.343548
19.1875 17.875 23.44 0.343548
19.125 17.875 23.44 0.343548
19.0625 17.875 23.44 0.32
19 17.9375 23.44 0.32
18.9375 17.9375 23.44 0.32
18.875 17.9375 23.44 0.32
18.8125 17.9375 23.44 0.32
18.75 17.9375 23.44 0.32
18.6875 17.9375 23.44 0.32
18.625 17.9375 23.36 0.343548
18.5625 17.9375 23.36 0.365582
18.5 17.9375 23.36 0.343548
18.4375 17.9375 23.36 0.343548
18.375 17.9375 23.36 0.343548
18.3125 17.9375 23.36 0.343548
18.25 17.875 23.36 0.343548
18.1875 17.875 23.36 0.32
18.125 17.8125 23.36 0.32
18.0625 17.8125 23.36 0.32
18 17.75 23.36 0.32
17.9375 17.6875 23.44 0.32
17.875 17.6875 23.44 0.32
17.8125 17.625 23.44 0.32
17.75 17.5625 23.44 0.343548
17.6875 17.5 23.44 0.406079
17.6875 17.4375 23.44 0.343548
17.625 17.375 23.44 0.343548
17.5625 17.3125 23.52 0.343548
17.5625 17.25 23.52 0.365582
17.5 17.1875 23.6 0.343548
17.5 17.125 23.6 0.406079
17.5 17.0625 23.68 0.343548
17.4375 17 23.76 0.343548
17.375 16.9375 23.84 0.279508
17.375 16.875 23.92 0.365582
17.3125 16.8125 24 0.296816
17.25 16.8125 24.08 0.279508
17.25 16.75 24.16 0.296816
17.25 16.6875 24.24 0.296816
17.25 16.6875 24.32 0.279508
17.1875 16.6875 24.4 0.296816
17.1875 16.625 24.48 0.279508
17.1875 16.625 24.56 0.279508
17.1875 16.5625 24.64 0.25
17.1875 16.5625 24.72 0.238432
17.1875 16.5 24.8 0.25
17.1875 16.4375 24.88 0.238432
17.1875 16.4375 24.96 0.238432
17.125 16.375 25.04 0.203039
17.125 16.3125 25.04 0.238432
17.125 16.25 25.12 0.203039
17.125 16.1875 25.2 0.176777
17.125 16.125 25.28 0.203039
17.125 16.0625 25.36 0.203039
17.125 16 25.44 0.203039
17.0625 15.9375 25.52 0.176777
17.125 15.875 25.52 0.203039
17.0625 15.8125 25.6 0.176777
17.0625 15.75 25.68 0.203039
17.0625 15.6875 25.76 0.203039
17.125 15.625 25.84 0.16
17.0625 15.5625 25.84 0.125
17.0625 15.5 25.92 0.16
17.0625 15.4375 25.92 0.16
17 15.375 26 0.125
16.9375 15.3125 26.08 0.16
16.875 15.25 26.16 0.125
16.875 15.1875 26.16 0.16
16.8125 15.125 26.16 0.203039
16.75 15.0625 26.24 0.176777
16.6875 15 26.24 0.32
19 19
17.625 13.3125 28.88 0.25
17.6875 13.375 28.88 0.343548
17.75 13.375 28.88 0.343548
17.8125 13.3125 28.96 0.32
17.875 13.3125 28.96 0.238432
17.9375 13.3125 28.96 0.203039
18 13.25 28.96 0.238432
18.0625 13.25 28.96 0.32
18.125 13.25 28.96 0.32
18.1875 13.25 28.96 0.238432
18.25 13.1875 28.96 0.238432
18.3125 13.1875 28.96 0.32
18.375 13.1875 28.96 0.238432
18.4375 13.125 28.96 0.238432
18.5 13.125 28.96 0.203039
18.5625 13.0625 28.96 0.203039
18.625 13.0625 28.96 0.203039
18.6875 13 28.96 0.203039
18.75 13.0625 29.04 0.16
20 49
17.625 13.3125 28.88 0.25
17.5625 13.25 28.96 0.203039
17.5 13.1875 29.04 0.16
17.4375 13.1875 29.04 0.16
17.375 13.1875 29.04 0.125
17.3125 13.125 29.04 0.16
17.25 13.125 29.04 0.125
17.1875 13.125 28.96 0.16
17.125 13.125 28.96 0.16
17.0625 13.125 28.96 0.16
17 13.125 28.96 0.125
16.9375 13.0625 28.96 0.16
16.875 13.0625 28.96 0.125
16.8125 13 28.96 0.125
16.75 13.0625 28.96 0.16
16.6875 13.0625 28.96 0.125
16.625 13 28.96 0.125
16.5625 12.9375 28.96 0.125
16.5 12.875 28.96 0.16
16.4375 12.8125 28.96 0.203039
16.375 12.8125 28.96 0.176777
16.3125 12.875 29.04 0.16
16.25 12.875 29.12 0.16
16.1875 12.8125 29.12 0.203039
16.125 12.8125 29.12 0.176777
16.0625 12.75 29.12 0.203039
16 12.75 29.12 0.238432
15.9375 12.75 29.2 0.176777
15.875 12.8125 29.2 0.203039
15.8125 12.8125 29.28 0.203039
15.75 12.8125 29.36 0.16
15.6875 12.8125 29.36 0.16
15.625 12.8125 29.36 0.16
15.5625 12.8125 29.36 0.125
15.5 12.75 29.44 0.16
15.4375 12.6875 29.36 0.238432
15.375 12.6875 29.36 0.176777
15.3125 12.625 29.36 0.203039
15.25 12.625 29.36 0.203039
15.1875 12.6875 29.36 0.125
15.125 12.625 29.36 0.16
15.0625 12.5625 29.36 0.16
15 12.5 29.28 0.203039
14.9375 12.5 29.28 0.203039
14.875 12.5 29.28 0.203039
14.8125 12.5 29.2 0.203039
14.75 12.5625 29.2 0.203039
14.6875 12.5625 29.2 0.203039
14.625 12.625 29.12 0.238432
21 30
16.625 14.9375 26.32 0.238432
16.625 14.875 26.4 0.203039
16.5625 14.8125 26.48 0.203039
16.5 14.8125 26.56 0.203039
16.4375 14.8125 26.64 0.203039
16.375 14.75 26.64 0.238432
16.3125 14.6875 26.72 0.238432
16.3125 14.6875 26.8 0.203039
16.25 14.625 26.88 0.203039
16.1875 14.625 26.88 0.238432
16.125 14.5625 26.96 0.203039
16.125 14.5 27.04 0.203039
16.0625 14.4375 27.12 0.203039
16.0625 14.4375 27.2 0.176777
16.0625 14.375 27.28 0.203039
16.0625 14.3125 27.36 0.238432
16.0625 14.25 27.44 0.238432
16.0625 14.25 27.52 0.238432
16 14.1875 27.6 0.238432
16 14.1875 27.68 0.25
16 14.125 27.76 0.25
16.0625 14.125 27.84 0.238432
16.0625 14.125 27.92 0.203039
16.0625 14.0625 28 0.176777
16.0625 14.0625 28.08 0.176777
16.0625 14.0625 28.16 0.176777
16.0625 14.0625 28.24 0.238432
16.0625 14 28.32 0.238432
16.0625 14 28.4 0.176777
16.0625 14 28.48 0.176777
22 96
13.125 15.125 22.24 0.476865
13.1875 15.0625 22.32 0.406079
13.25 15.0625 22.32 0.48
13.3125 15 22.32 0.406079
13.375 14.9375 22.4 0.406079
13.4375 14.875 22.4 0.476865
13.5 14.875 22.48 0.406079
13.5625 14.8125 22.48 0.48
13.625 14.75 22.48 0.48
13.6875 14.6875 22.48 0.406079
13.75 14.625 22.56 0.424882
13.8125 14.5625 22.56 0.48
13.875 14.5625 22.56 0.406079
13.9375 14.5 22.56 0.365582
14 14.4375 22.64 0.406079
14.0625 14.375 22.64 0.424882
14.125 14.375 22.64 0.406079
14.1875 14.3125 22.72 0.406079
14.25 14.25 22.72 0.48
14.3125 14.25 22.72 0.406079
14.375 14.1875 22.72 0.343548
14.4375 14.125 22.8 0.32
14.5 14.0625 22.8 0.343548
14.5625 14 22.88 0.343548
14.5625 13.9375 22.96 0.322064
14.625 14 23.04 0.322064
14.625 14 23.12 0.353553
14.625 14.0625 23.2 0.406079
14.5625 14.0625 23.28 0.476865
14.5 14.0625 23.36 0.476865
14.5 14.125 23.44 0.476865
14.4375 14.125 23.52 0.424882
14.375 14.1875 23.6 0.395285
14.375 14.1875 23.68 0.406079
14.3125 14.25 23.76 0.424882
14.25 14.3125 23.84 0.353553
14.1875 14.375 23.92 0.406079
14.125 14.375 24 0.406079
14.0625 14.4375 24.08 0.406079
14 14.5 24.16 0.406079
13.9375 14.5 24.24 0.406079
13.875 14.5625 24.32 0.406079
13.8125 14.625 24.4 0.406079
13.75 14.6875 24.48 0.406079
13.75 14.75 24.56 0.406079
13.6875 14.8125 24.64 0.406079
13.625 14.8125 24.72 0.353553
13.625 14.875 24.8 0.406079
13.625 14.9375 24.88 0.406079
13.5625 14.9375 24.96 0.406079
13.5 15 25.04 0.406079
13.4375 15 25.12 0.406079
13.4375 15 25.2 0.388072
13.375 15 25.28 0.353553
13.375 15.0625 25.36 0.406079
13.3125 15.0625 25.44 0.353553
13.3125 15 25.52 0.365582
13.25 15 25.6 0.322064
13.1875 15 25.68 0.322064
13.125 15 25.76 0.279508
13.0625 15 25.84 0.25
13.125 14.9375 25.92 0.25
13.1875 14.875 26 0.203039
13.125 14.8125 26.08 0.203039
13.1875 14.75 26.08 0.203039
13.1875 14.6875 26.16 0.203039
13.1875 14.625 26.24 0.203039
13.25 14.5625 26.32 0.32
13.25 14.5 26.32 0.25
13.3125 14.4375 26.4 0.238432
13.375 14.4375 26.4 0.32
13.4375 14.4375 26.4 0.32
13.5 14.4375 26.4 0.32
13.5625 14.375 26.4 0.32
13.625 14.375 26.4 0.32
13.6875 14.3125 26.48 0.32
13.75 14.375 26.48 0.32
13.8125 14.3125 26.48 0.32
13.875 14.3125 26.48 0.32
13.9375 14.25 26.48 0.32
14 14.25 26.48 0.32
14.0625 14.1875 26.48 0.32
14.125 14.1875 26.4 0.32
14.1875 14.1875 26.4 0.32
14.25 14.125 26.4 0.32
14.3125 14.0625 26.4 0.32
14.3125 14 26.32 0.343548
14.375 13.9375 26.32 0.343548
14.4375 13.875 26.24 0.279508
14.5 13.8125 26.24 0.343548
14.5625 13.8125 26.24 0.296816
14.625 13.75 26.24 0.343548
14.6875 13.6875 26.32 0.406079
14.75 13.625 26.32 0.343548
14.75 13.5625 26.4 0.32
14.8125 13.5 26.4 0.343548
23 72
14.8125 13.5 26.4 0.343548
14.875 13.4375 26.48 0.343548
14.9375 13.375 26.56 0.343548
14.9375 13.3125 26.64 0.296816
14.9375 13.25 26.72 0.279508
14.9375 13.25 26.8 0.279508
14.9375 13.25 26.88 0.279508
15 13.25 26.96 0.353553
15 13.1875 27.04 0.353553
15 13.25 27.12 0.353553
15 13.25 27.2 0.353553
15 13.25 27.28 0.279508
15 13.25 27.36 0.322064
15 13.25 27.44 0.353553
15 13.25 27.52 0.406079
15 13.3125 27.6 0.322064
15.0625 13.3125 27.68 0.353553
15.0625 13.375 27.76 0.424882
15.125 13.375 27.84 0.406079
15.125 13.4375 27.92 0.365582
15.1875 13.4375 28 0.343548
15.25 13.4375 28 0.296816
15.3125 13.5 28 0.279508
15.375 13.5625 28.08 0.25
15.4375 13.5625 28.16 0.25
15.5 13.5625 28.24 0.238432
15.5625 13.5 28.32 0.32
15.5625 13.4375 28.32 0.296816
15.5 13.375 28.4 0.238432
15.5625 13.3125 28.32 0.203039
15.5625 13.25 28.24 0.238432
15.5625 13.1875 28.24 0.32
15.5625 13.125 28.24 0.238432
15.5 13.0625 28.24 0.32
15.5 13 28.24 0.238432
15.5 12.9375 28.16 0.238432
15.5 12.875 28.16 0.203039
15.4375 12.8125 28.16 0.203039
15.4375 12.75 28.16 0.203039
15.375 12.6875 28.08 0.203039
15.3125 12.625 28 0.238432
15.3125 12.5625 28 0.32
15.25 12.5 28.08 0.32
15.1875 12.4375 28.08 0.32
15.25 12.375 28 0.32
15.25 12.3125 28 0.32
15.25 12.25 28.08 0.25
15.3125 12.1875 28.16 0.343548
15.375 12.1875 28.16 0.25
15.4375 12.1875 28.16 0.238432
15.5 12.25 28.24 0.203039
15.4375 12.25 28.32 0.25
15.5 12.3125 28.4 0.279508
15.5 12.375 28.48 0.279508
15.5 12.4375 28.56 0.32
15.5 12.5 28.56 0.32
15.5 12.5625 28.56 0.203039
15.4375 12.625 28.64 0.203039
15.4375 12.6875 28.64 0.238432
15.375 12.75 28.64 0.238432
15.3125 12.8125 28.72 0.238432
15.25 12.8125 28.72 0.279508
15.1875 12.875 28.8 0.238432
15.125 12.875 28.8 0.343548
15.0625 12.9375 28.8 0.32
15 12.875 28.88 0.32
14.9375 12.875 28.88 0.32
14.875 12.875 28.88 0.32
14.8125 12.875 28.88 0.32
14.75 12.8125 28.96 0.203039
14.6875 12.75 29.04 0.32
14.625 12.6875 29.04 0.32
24 25
13.0625 12.4375 28.72 0.203039
13.125 12.4375 28.72 0.203039
13.1875 12.5 28.72 0.16
13.25 12.5 28.72 0.16
13.3125 12.5 28.72 0.16
13.375 12.5 28.72 0.16
13.4375 12.5 28.72 0.16
13.5 12.4375 28.72 0.16
13.5625 12.4375 28.72 0.16
13.625 12.4375 28.72 0.16
13.6875 12.375 28.72 0.16
13.75 12.3125 28.72 0.203039
13.8125 12.3125 28.72 0.203039
13.875 12.3125 28.8 0.203039
13.9375 12.25 28.8 0.203039
14 12.25 28.88 0.203039
14.0625 12.25 28.96 0.176777
14.125 12.25 28.96 0.203039
14.1875 12.3125 28.96 0.203039
14.25 12.375 29.04 0.203039
14.3125 12.4375 29.04 0.203039
14.375 12.5 29.12 0.16
14.4375 12.5 29.04 0.203039
14.5 12.5625 29.04 0.238432
14.5625 12.625 29.04 0.32
