40
1 51
15.625 13.5 0.08 0.16
15.6875 13.5625 0.16 0.32
15.75 13.625 0.24 0.48
15.8125 13.6875 0.32 0.64
15.875 13.75 0.4 0.8
15.9375 13.8125 0.48 0.96
16 13.875 0.56 1.12
16 13.875 0.64 1.28
16.0625 13.8125 0.72 1.44
16 13.75 0.8 1.6
15.9375 13.6875 0.88 1.76
15.875 13.625 0.96 1.92
15.875 13.5625 1.04 2.08
15.8125 13.5 1.12 2.24
15.75 13.4375 1.2 2.4
15.6875 13.375 1.28 2.56
15.6875 13.3125 1.36 2.72
15.6875 13.25 1.44 2.88
15.625 13.25 1.52 3.04
15.625 13.1875 1.6 3.2
15.625 13.125 1.68 3.36
15.5625 13.1875 1.76 2.83295
15.625 13.125 1.84 2.84647
15.625 13.125 1.92 2.86887
15.625 13.125 2 2.91815
15.625 13.125 2.08 2.91815
15.625 13.125 2.16 2.92254
15.625 13.125 2.24 2.93565
15.625 13.125 2.32 2.95737
15.625 13.125 2.4 3.00946
15.625 13.125 2.48 3.0052
15.6875 13.125 2.56 3.00946
15.6875 13.1875 2.64 3.33805
15.6875 13.1875 2.72 3.23286
15.75 13.1875 2.8 3.23286
15.8125 13.1875 2.88 3.0052
15.8125 13.1875 2.96 3.23286
15.8125 13.25 3.04 3.0052
15.875 13.25 3.12 3.0052
15.875 13.25 3.2 3.13232
15.9375 13.25 3.28 3.13232
15.9375 13.3125 3.36 2.91815
16 13.3125 3.44 3.32704
16.0625 13.375 3.52 2.91815
16.125 13.375 3.6 3.32704
16.1875 13.4375 3.68 2.91815
16.25 13.5 3.76 3.09012
16.25 13.5 3.84 3.24863
16.3125 13.5625 3.92 3.24863
16.375 13.5625 3.92 3.24863
16.4375 13.625 4 3.24863
2 60
16.4375 13.625 4 3.24863
16.375 13.625 4.08 2.82843
16.3125 13.625 4.16 2.74146
16.3125 13.625 4.24 3.04559
16.25 13.625 4.32 2.65165
16.25 13.625 4.4 2.8453
16.1875 13.625 4.48 2.74857
16.125 13.5625 4.56 2.63519
16.0625 13.5625 4.64 2.51446
16 13.5625 4.72 2.40483
15.9375 13.5625 4.8 2.3079
15.9375 13.5625 4.88 2.16481
15.875 13.5625 4.96 2.08883
15.8125 13.625 5.04 1.6893
15.8125 13.5625 5.12 1.84438
15.75 13.625 5.2 1.45637
15.75 13.625 5.28 1.60702
15.75 13.625 5.36 1.49991
15.75 13.625 5.44 1.4029
15.75 13.625 5.52 1.31823
15.75 13.625 5.6 1.24841
15.75 13.625 5.68 1.19605
15.75 13.625 5.76 1.1635
15.75 13.625 5.84 1.15244
15.75 13.6875 5.92 1.10923
15.75 13.6875 6 1.04995
15.8125 13.625 6.08 1.10788
15.8125 13.6875 6.16 1.07266
15.8125 13.75 6.24 1.02739
15.8125 13.75 6.32 1.0879
15.8125 13.75 6.4 1.21824
15.8125 13.8125 6.48 1
15.8125 13.875 6.56 1
15.875 13.875 6.64 1.19216
15.875 13.9375 6.72 1.19216
15.875 13.9375 6.8 1.01272
15.875 14 6.88 1.06066
15.875 14.0625 6.96 0.989305
15.875 14.0625 7.04 1.06066
15.875 14.0625 7.12 1.21824
15.875 14.125 7.2 1.06066
15.875 14.125 7.28 1.13165
15.875 14.1875 7.36 1.09126
15.8125 14.1875 7.44 1
15.8125 14.25 7.52 1.13165
15.8125 14.25 7.6 1.06066
15.8125 14.3125 7.68 0.976281
15.75 14.25 7.76 0.976281
15.75 14.3125 7.84 1.0248
15.6875 14.3125 7.92 0.898248
15.6875 14.375 8 1.08224
15.625 14.375 8.08 0.924878
15.625 14.4375 8.16 1.09659
15.5625 14.4375 8.24 1.00581
15.5625 14.5 8.32 1.06066
15.5 14.5 8.4 1.00581
15.5 14.5625 8.48 1.09659
15.4375 14.625 8.56 1.06066
15.4375 14.5625 8.64 0.989305
15.375 14.625 8.72 1.06066
3 16
16.4375 13.625 4 3.24863
16.5 13.6875 4.08 3.1241
16.5625 13.75 4.16 3.1732
16.625 13.8125 4.24 3.04816
16.6875 13.875 4.32 3.04559
16.75 13.9375 4.4 2.97605
16.8125 14 4.4 2.97027
16.875 14.0625 4.48 2.97027
16.9375 14.125 4.56 2.84888
17 14.1875 4.64 2.84255
17 14.25 4.64 2.84255
17.0625 14.3125 4.72 2.77017
17.125 14.375 4.8 2.68645
17.1875 14.4375 4.88 2.76735
17.25 14.5 4.96 2.76735
17.3125 14.5625 5.04 2.76735
4 29
15.375 14.6875 8.72 0.976281
15.375 14.75 8.8 0.872726
15.3125 14.8125 8.88 0.968104
15.3125 14.875 8.88 0.788051
15.3125 14.9375 8.96 0.8
15.25 15 9.04 0.652093
15.1875 15.0625 9.12 0.609118
15.125 15.125 9.2 0.621812
15.0625 15.1875 9.28 0.609118
15 15.25 9.36 0.609118
14.9375 15.3125 9.44 0.609118
14.875 15.375 9.52 0.621812
14.8125 15.4375 9.6 0.621812
14.75 15.5 9.6 0.687095
14.6875 15.5625 9.68 0.741772
14.625 15.625 9.76 0.70429
14.5625 15.6875 9.76 0.821721
14.5 15.6875 9.76 0.776144
14.4375 15.75 9.84 0.849765
14.375 15.8125 9.92 0.894553
14.3125 15.875 10 0.849765
14.25 15.9375 10.08 0.894553
14.1875 16 10.16 0.894553
14.125 16 10.16 0.892328
14.0625 16.0625 10.24 0.849765
14 16.125 10.32 0.812158
13.9375 16.125 10.4 0.782768
13.875 16.125 10.4 0.788051
13.8125 16.1875 10.48 0.838153
5 109
15.375 14.625 8.8 1.09659
15.375 14.5625 8.88 1.02286
15.375 14.5625 8.96 0.903244
15.375 14.5 9.04 0.75
15.375 14.5 9.12 0.724983
15.375 14.5 9.2 0.707107
15.375 14.5 9.28 0.645155
15.375 14.5 9.36 0.658426
15.375 14.5 9.44 0.552743
15.375 14.5625 9.52 0.55394
15.375 14.5625 9.6 0.55394
15.3125 14.5625 9.68 0.658426
15.3125 14.5625 9.76 0.619395
15.3125 14.625 9.84 0.619395
15.3125 14.625 9.92 0.619395
15.25 14.625 10 0.625
15.25 14.6875 10.08 0.625
15.25 14.6875 10.16 0.619395
15.25 14.75 10.24 0.619395
15.25 14.75 10.32 0.559017
15.1875 14.75 10.4 0.559017
15.1875 14.75 10.48 0.559017
15.1875 14.8125 10.56 0.619395
15.1875 14.875 10.64 0.619395
15.1875 14.875 10.72 0.619395
15.1875 14.875 10.8 0.55394
15.1875 14.9375 10.88 0.658426
15.1875 14.9375 10.96 0.552743
15.1875 15 11.04 0.55394
15.125 15.0625 11.12 0.552743
15.125 15.0625 11.2 0.619395
15.125 15.0625 11.28 0.559017
15.125 15.125 11.36 0.559017
15.125 15.125 11.44 0.55394
15.125 15.1875 11.52 0.55394
15.0625 15.1875 11.6 0.515388
15.0625 15.1875 11.68 0.55394
15.0625 15.25 11.76 0.619395
15.0625 15.25 11.84 0.625
15.0625 15.25 11.92 0.559017
15.0625 15.3125 12 0.619395
15.0625 15.3125 12.08 0.559017
15.0625 15.3125 12.16 0.55394
15.0625 15.375 12.24 0.619395
15.0625 15.375 12.32 0.593633
15.0625 15.375 12.4 0.524976
15.0625 15.4375 12.48 0.55394
15.0625 15.4375 12.56 0.515388
15.0625 15.4375 12.64 0.524976
15.0625 15.5 12.72 0.53033
15.0625 15.5 12.8 0.524976
15.0625 15.5 12.88 0.5
15 15.5 12.96 0.53033
15.0625 15.5625 13.04 0.5
15.0625 15.5625 13.12 0.5
15 15.5625 13.2 0.55394
15 15.5625 13.28 0.619395
15 15.5625 13.36 0.55394
15 15.5625 13.44 0.53033
15 15.5625 13.52 0.53033
15 15.5625 13.6 0.53033
15 15.5625 13.68 0.53033
14.9375 15.5625 13.76 0.55394
14.9375 15.5625 13.84 0.515388
14.9375 15.5625 13.92 0.539653
14.9375 15.5625 14 0.619395
14.9375 15.5625 14.08 0.55394
14.875 15.5625 14.16 0.55394
14.875 15.5625 14.24 0.619395
14.875 15.5625 14.32 0.524976
14.8125 15.5 14.4 0.55394
14.8125 15.5 14.48 0.619395
14.8125 15.5 14.56 0.658426
14.8125 15.4375 14.64 0.621812
14.8125 15.4375 14.72 0.593633
14.75 15.4375 14.8 0.658426
14.6875 15.4375 14.88 0.55394
14.6875 15.375 14.96 0.621812
14.6875 15.375 15.04 0.619395
14.625 15.375 15.12 0.619395
14.625 15.375 15.2 0.559017
14.625 15.3125 15.28 0.658426
14.5625 15.3125 15.36 0.658426
14.5625 15.25 15.44 0.619395
14.5625 15.25 15.52 0.658426
14.5 15.25 15.6 0.658426
14.4375 15.25 15.68 0.559017
14.4375 15.1875 15.76 0.715297
14.375 15.1875 15.84 0.715297
14.375 15.1875 15.92 0.658426
14.375 15.125 16 0.715297
14.3125 15.125 16.08 0.715297
14.3125 15.0625 16.16 0.715297
14.25 15.0625 16.24 0.658426
14.25 15.0625 16.32 0.658426
14.1875 15 16.4 0.715297
14.1875 15 16.48 0.619395
14.125 15 16.56 0.658426
14.0625 15 16.64 0.658426
14 14.9375 16.72 0.619395
14 14.875 16.8 0.658426
13.9375 14.875 16.88 0.658426
13.9375 14.8125 16.96 0.621812
13.875 14.8125 17.04 0.619395
13.8125 14.75 17.12 0.658426
13.75 14.6875 17.2 0.621812
13.8125 14.625 17.2 0.621812
13.75 14.5625 17.28 0.652093
13.6875 14.5625 17.28 0.652093
6 161
17.3125 14.5625 5.04 2.76735
17.3125 14.5 5.12 2.65133
17.3125 14.5 5.2 2.63951
17.375 14.4375 5.28 2.56305
17.3125 14.375 5.36 2.31249
17.3125 14.375 5.44 2.23693
17.3125 14.3125 5.52 2.10965
17.25 14.375 5.6 1.91095
17.25 14.3125 5.68 1.78911
17.25 14.25 5.76 1.82735
17.25 14.1875 5.84 1.56616
17.25 14.1875 5.92 1.42444
17.25 14.125 6 1.32853
17.1875 14.125 6.08 1.16422
17.1875 14.125 6.16 1.13165
17.1875 14.125 6.24 1.0248
17.25 14.0625 6.32 0.940027
17.25 14.0625 6.4 0.95373
17.25 14.0625 6.48 0.854634
17.25 14.0625 6.56 0.776144
17.25 14.0625 6.64 0.724983
17.25 14.0625 6.72 0.707107
17.25 14.125 6.8 0.625
17.25 14.125 6.88 0.581464
17.25 14.125 6.96 0.559017
17.25 14.125 7.04 0.715297
17.25 14.125 7.12 0.619395
17.25 14.1875 7.2 0.619395
17.25 14.25 7.28 0.593633
17.25 14.25 7.36 0.559017
17.25 14.3125 7.44 0.559017
17.25 14.3125 7.52 0.55394
17.3125 14.375 7.6 0.658426
17.3125 14.4375 7.68 0.619395
17.3125 14.4375 7.76 0.55394
17.3125 14.5 7.84 0.55394
17.375 14.5625 7.92 0.621812
17.3125 14.625 8 0.53033
17.375 14.625 8.08 0.619395
17.375 14.6875 8.16 0.619395
17.4375 14.6875 8.24 0.609118
17.4375 14.75 8.32 0.596154
17.5 14.8125 8.4 0.621812
17.4375 14.875 8.48 0.621812
17.5 14.875 8.56 0.619395
17.5 14.9375 8.64 0.55394
17.5625 14.9375 8.72 0.619395
17.5625 15 8.8 0.621812
17.5625 15 8.88 0.619395
17.625 15.0625 8.96 0.658426
17.625 15.0625 9.04 0.552743
17.6875 15.125 9.12 0.609118
17.6875 15.1875 9.2 0.552743
17.6875 15.25 9.28 0.53033
17.6875 15.25 9.36 0.55394
17.75 15.25 9.44 0.55394
17.75 15.3125 9.52 0.53033
17.8125 15.3125 9.6 0.619395
17.8125 15.3125 9.68 0.55394
17.875 15.375 9.76 0.621812
17.875 15.375 9.84 0.621812
17.875 15.4375 9.92 0.53033
17.9375 15.4375 10 0.552743
17.9375 15.4375 10.08 0.559017
17.9375 15.5 10.16 0.55394
18 15.5 10.24 0.524976
18 15.5 10.32 0.55394
18 15.5625 10.4 0.524976
18.0625 15.5625 10.48 0.552743
18.0625 15.5625 10.56 0.658426
18.0625 15.5625 10.64 0.619395
18.0625 15.5625 10.72 0.55394
18.0625 15.625 10.8 0.53033
18.125 15.625 10.88 0.55394
18.125 15.625 10.96 0.619395
18.125 15.625 11.04 0.619395
18.1875 15.625 11.12 0.559017
18.1875 15.625 11.2 0.559017
18.1875 15.625 11.28 0.55394
18.1875 15.6875 11.36 0.53033
18.25 15.6875 11.44 0.552743
18.25 15.6875 11.52 0.619395
18.25 15.6875 11.6 0.55394
18.3125 15.6875 11.68 0.55394
18.3125 15.6875 11.76 0.619395
18.3125 15.6875 11.84 0.55394
18.3125 15.6875 11.92 0.53033
18.3125 15.6875 12 0.53033
18.375 15.6875 12.08 0.55394
18.375 15.6875 12.16 0.559017
18.375 15.6875 12.24 0.559017
18.375 15.6875 12.32 0.559017
18.375 15.6875 12.4 0.55394
18.4375 15.6875 12.48 0.559017
18.4375 15.6875 12.56 0.559017
18.4375 15.6875 12.64 0.559017
18.4375 15.6875 12.72 0.55394
18.5 15.6875 12.8 0.53033
18.5 15.6875 12.88 0.53033
18.5 15.6875 12.96 0.53033
18.5 15.6875 13.04 0.55394
18.5 15.6875 13.12 0.55394
18.5 15.625 13.2 0.619395
18.5 15.625 13.28 0.55394
18.5 15.625 13.36 0.53033
18.5 15.625 13.44 0.53033
18.5625 15.625 13.52 0.55394
18.5625 15.625 13.6 0.619395
18.5625 15.625 13.68 0.559017
18.5625 15.625 13.76 0.55394
18.625 15.625 13.84 0.53033
18.625 15.625 13.92 0.5
18.625 15.625 14 0.53033
18.625 15.625 14.08 0.55394
18.625 15.625 14.16 0.559017
18.625 15.5625 14.24 0.625
18.625 15.5625 14.32 0.625
18.625 15.5625 14.4 0.625
18.625 15.5625 14.48 0.539653
18.625 15.5625 14.56 0.515388
18.6875 15.5 14.64 0.539653
18.6875 15.5 14.72 0.606651
18.6875 15.5 14.8 0.625
18.6875 15.5 14.88 0.625
18.6875 15.5 14.96 0.593633
18.75 15.5 15.04 0.625
18.75 15.5 15.12 0.593633
18.75 15.4375 15.2 0.559017
18.8125 15.4375 15.28 0.693109
18.8125 15.4375 15.36 0.715297
18.8125 15.4375 15.44 0.619395
18.8125 15.375 15.52 0.559017
18.875 15.375 15.6 0.658426
18.875 15.375 15.68 0.625
18.875 15.375 15.76 0.658426
18.9375 15.375 15.84 0.715297
18.9375 15.375 15.92 0.619395
18.9375 15.3125 16 0.593633
19 15.3125 16.08 0.715297
19 15.3125 16.16 0.619395
19 15.25 16.24 0.593633
19.0625 15.25 16.32 0.715297
19.0625 15.1875 16.4 0.625
19.0625 15.1875 16.48 0.619395
19.125 15.1875 16.56 0.625
19.125 15.1875 16.64 0.625
19.125 15.1875 16.72 0.658426
19.1875 15.1875 16.8 0.625
19.1875 15.125 16.88 0.715297
19.1875 15.125 16.96 0.625
19.1875 15.125 17.04 0.593633
19.25 15.125 17.12 0.524976
19.25 15.125 17.2 0.593633
19.25 15.0625 17.28 0.539653
19.25 15.0625 17.36 0.515388
19.3125 15.125 17.44 0.593633
19.3125 15.125 17.52 0.625
19.3125 15.125 17.6 0.625
19.375 15.125 17.68 0.715297
19.375 15.125 17.76 0.707107
19.4375 15.0625 17.84 0.715297
7 22
17.3125 14.5625 5.04 2.76735
17.375 14.625 5.12 2.64247
17.4375 14.6875 5.2 2.72287
17.4375 14.75 5.2 2.73146
17.5 14.8125 5.28 2.58732
17.5625 14.875 5.28 2.56749
17.625 14.9375 5.36 2.49261
17.625 15 5.36 2.63951
17.625 15.0625 5.36 2.63951
17.625 15.125 5.36 2.63951
17.625 15.1875 5.36 2.63951
17.6875 15.25 5.44 2.56749
17.75 15.3125 5.44 2.63951
17.8125 15.375 5.52 2.59034
17.8125 15.4375 5.52 2.63951
17.8125 15.5 5.52 2.63951
17.875 15.5625 5.6 2.63951
17.9375 15.625 5.6 2.65059
17.9375 15.6875 5.6 2.55944
18 15.75 5.68 2.62835
18 15.8125 5.68 2.64247
18.0625 15.875 5.76 2.56445
8 159
4.1875 16.5 7.6 0.16
4.1875 16.4375 7.6 0.16
4.25 16.375 7.68 0.16
4.25 16.3125 7.68 0.203039
4.3125 16.25 7.68 0.32
4.3125 16.1875 7.76 0.343548
4.375 16.125 7.76 0.406079
4.4375 16.0625 7.76 0.48
4.5 16 7.84 0.476865
4.5 15.9375 7.84 0.541202
4.5625 15.875 7.84 0.450694
4.625 15.875 7.92 0.476865
4.6875 15.875 7.92 0.492976
4.75 15.8125 8 0.541202
4.8125 15.75 8.08 0.476865
4.875 15.75 8.08 0.609118
4.9375 15.6875 8.16 0.541202
5 15.6875 8.16 0.609118
5.0625 15.6875 8.24 0.541202
5.125 15.6875 8.24 0.541202
5.1875 15.625 8.32 0.541202
5.25 15.625 8.32 0.541202
5.3125 15.5625 8.4 0.541202
5.375 15.5625 8.4 0.609118
5.4375 15.5625 8.48 0.541202
5.5 15.5 8.48 0.53033
5.5625 15.4375 8.56 0.53033
5.625 15.5 8.56 0.609118
5.6875 15.4375 8.64 0.55545
5.75 15.4375 8.64 0.55545
5.8125 15.4375 8.72 0.541202
5.875 15.375 8.72 0.609118
5.9375 15.375 8.8 0.55545
6 15.375 8.8 0.55545
6.0625 15.375 8.88 0.541202
6.125 15.3125 8.88 0.609118
6.1875 15.3125 8.96 0.496009
6.25 15.3125 8.96 0.541202
6.3125 15.25 8.96 0.541202
6.375 15.25 9.04 0.541202
6.4375 15.25 9.04 0.541202
6.5 15.25 9.12 0.541202
6.5625 15.25 9.12 0.541202
6.625 15.1875 9.12 0.496009
6.6875 15.1875 9.2 0.511517
6.75 15.125 9.2 0.476865
6.8125 15.1875 9.28 0.541202
6.875 15.125 9.28 0.496009
6.9375 15.1875 9.36 0.541202
7 15.125 9.36 0.476865
7.0625 15.125 9.44 0.424882
7.125 15.125 9.44 0.476865
7.1875 15.0625 9.44 0.476865
7.25 15.125 9.52 0.424882
7.3125 15.0625 9.52 0.476865
7.375 15.0625 9.52 0.496009
7.4375 15.0625 9.6 0.424882
7.5 15.0625 9.6 0.476865
7.5625 15.0625 9.6 0.48
7.625 15.0625 9.68 0.476865
7.6875 15.0625 9.68 0.496009
7.75 15.0625 9.68 0.48
7.8125 15.0625 9.76 0.48
7.875 15.0625 9.76 0.496009
7.9375 15.0625 9.76 0.496009
8 15.0625 9.84 0.424882
8.0625 15.0625 9.84 0.496009
8.125 15.0625 9.84 0.476865
8.1875 15.0625 9.92 0.424882
8.25 15.0625 9.92 0.496009
8.3125 15.0625 9.92 0.541202
8.375 15.0625 9.92 0.496009
8.4375 15.0625 9.92 0.496009
8.5 15.0625 10 0.496009
8.5625 15.0625 10 0.541202
8.625 15.0625 10 0.541202
8.6875 15.0625 10 0.541202
8.75 15.0625 10 0.496009
8.8125 15.125 10.08 0.511517
8.875 15.0625 10.08 0.541202
8.9375 15.0625 10.08 0.541202
9 15.125 10.16 0.496009
9.0625 15.125 10.16 0.541202
9.125 15.125 10.16 0.609118
9.1875 15.125 10.16 0.541202
9.25 15.125 10.24 0.541202
9.3125 15.125 10.24 0.55545
9.375 15.1875 10.24 0.541202
9.4375 15.1875 10.32 0.541202
9.5 15.1875 10.32 0.492976
9.5625 15.25 10.32 0.541202
9.625 15.25 10.32 0.496009
9.6875 15.25 10.4 0.496009
9.75 15.25 10.4 0.541202
9.8125 15.3125 10.4 0.511517
9.875 15.3125 10.48 0.496009
9.9375 15.375 10.48 0.496009
10 15.4375 10.48 0.492976
10.0625 15.4375 10.48 0.541202
10.125 15.5 10.56 0.511517
10.1875 15.5 10.56 0.55545
10.25 15.5625 10.56 0.541202
10.3125 15.625 10.64 0.496009
10.375 15.625 10.64 0.511517
10.4375 15.6875 10.64 0.609118
10.5 15.75 10.64 0.511517
10.5625 15.75 10.72 0.511517
10.625 15.8125 10.72 0.541202
10.6875 15.8125 10.8 0.492976
10.75 15.875 10.8 0.64
10.8125 15.9375 10.8 0.64
10.875 16 10.8 0.541202
10.9375 16 10.88 0.541202
11 16.0625 10.88 0.609118
11.0625 16.125 10.88 0.541202
11.125 16.1875 10.88 0.511517
11.1875 16.1875 10.96 0.541202
11.25 16.1875 10.96 0.55545
11.3125 16.25 10.96 0.511517
11.375 16.25 10.96 0.496009
11.4375 16.25 11.04 0.496009
11.5 16.3125 11.04 0.496009
11.5625 16.375 11.04 0.541202
11.625 16.375 11.04 0.541202
11.6875 16.375 11.12 0.496009
11.75 16.4375 11.12 0.541202
11.8125 16.5 11.12 0.424882
11.875 16.5 11.12 0.476865
11.9375 16.5 11.12 0.388072
12 16.5625 11.12 0.424882
12.0625 16.5625 11.12 0.395285
12.125 16.5625 11.12 0.407707
12.1875 16.5625 11.12 0.407707
12.25 16.5625 11.12 0.407707
12.3125 16.5625 11.2 0.492976
12.375 16.5625 11.2 0.541202
12.4375 16.5625 11.12 0.478252
12.5 16.5625 11.12 0.609118
12.5625 16.5625 11.12 0.609118
12.625 16.625 11.12 0.609118
12.6875 16.5625 11.12 0.541202
12.75 16.625 11.12 0.496009
12.8125 16.625 11.04 0.541202
12.875 16.625 11.04 0.609118
12.9375 16.5625 10.96 0.609118
13 16.5625 10.96 0.609118
13.0625 16.5625 10.88 0.541202
13.125 16.5 10.88 0.609118
13.1875 16.5 10.8 0.609118
13.25 16.5 10.8 0.609118
13.3125 16.5 10.8 0.621812
13.375 16.4375 10.72 0.609118
13.4375 16.375 10.64 0.658426
13.5 16.3125 10.56 0.693109
13.5625 16.25 10.48 0.693109
13.625 16.1875 10.48 0.707107
13.6875 16.1875 10.48 0.819298
13.75 16.25 10.48 0.849765
13.8125 16.1875 10.48 0.838153
9 290
13.8125 16.1875 10.48 0.838153
13.875 16.25 10.48 0.88353
13.9375 16.3125 10.48 0.812158
14 16.375 10.48 0.75223
14.0625 16.4375 10.48 0.621812
14.0625 16.5 10.48 0.478252
14.125 16.5625 10.56 0.476865
14.125 16.625 10.64 0.424882
14.125 16.6875 10.64 0.48
14.1875 16.75 10.64 0.424882
14.1875 16.8125 10.72 0.406079
14.25 16.875 10.72 0.406079
14.25 16.9375 10.8 0.406079
14.25 17 10.88 0.365582
14.3125 17.0625 10.96 0.365582
14.3125 17.125 10.96 0.406079
14.375 17.1875 11.04 0.424882
14.375 17.25 11.12 0.424882
14.375 17.3125 11.2 0.388072
14.375 17.3125 11.28 0.388072
14.375 17.375 11.36 0.476865
14.375 17.375 11.44 0.395285
14.375 17.375 11.52 0.388072
14.375 17.4375 11.6 0.388072
14.375 17.5 11.68 0.353553
14.3125 17.5 11.76 0.375
14.3125 17.5 11.84 0.375
14.3125 17.5 11.92 0.388072
14.3125 17.5 12 0.353553
14.25 17.5625 12.08 0.353553
14.25 17.5625 12.16 0.353553
14.25 17.5 12.24 0.388072
14.25 17.5 12.32 0.375
14.25 17.5 12.4 0.353553
14.25 17.5 12.48 0.353553
14.25 17.5 12.56 0.353553
14.25 17.5 12.64 0.322064
14.25 17.4375 12.72 0.322064
14.25 17.4375 12.8 0.353553
14.25 17.4375 12.88 0.353553
14.1875 17.375 12.96 0.353553
14.25 17.375 13.04 0.322064
14.25 17.3125 13.12 0.424882
14.25 17.3125 13.2 0.375
14.25 17.25 13.28 0.424882
14.25 17.25 13.36 0.375
14.3125 17.25 13.44 0.322064
14.3125 17.1875 13.52 0.406079
14.375 17.125 13.6 0.406079
14.375 17.0625 13.68 0.353553
14.4375 17.0625 13.76 0.406079
14.5 17 13.84 0.353553
14.5625 17 13.92 0.406079
14.625 17.0625 14 0.406079
14.6875 17.0625 14.08 0.406079
14.6875 17.0625 14.16 0.406079
14.75 17.0625 14.24 0.406079
14.75 17.125 14.32 0.406079
14.8125 17.125 14.4 0.353553
14.8125 17.1875 14.48 0.353553
14.8125 17.1875 14.56 0.406079
14.8125 17.1875 14.64 0.296816
14.875 17.1875 14.72 0.353553
14.875 17.1875 14.8 0.353553
14.875 17.1875 14.88 0.296816
14.9375 17.1875 14.96 0.353553
14.9375 17.1875 15.04 0.353553
14.9375 17.1875 15.12 0.353553
14.9375 17.125 15.2 0.322064
14.9375 17.125 15.28 0.353553
14.9375 17.125 15.36 0.353553
14.9375 17.125 15.44 0.353553
14.875 17.125 15.52 0.322064
14.875 17.125 15.6 0.353553
14.8125 17.125 15.68 0.296816
14.8125 17.125 15.76 0.279508
14.75 17.125 15.84 0.353553
14.75 17.125 15.92 0.296816
14.8125 17.0625 16 0.343548
14.8125 17 16.08 0.296816
14.8125 16.9375 16.16 0.296816
14.8125 16.9375 16.24 0.365582
14.8125 16.875 16.32 0.343548
14.875 16.8125 16.4 0.343548
14.9375 16.75 16.48 0.343548
15 16.6875 16.56 0.238432
15 16.625 16.64 0.343548
15 16.5625 16.72 0.406079
15 16.5625 16.8 0.343548
15.0625 16.5 16.88 0.343548
15.0625 16.4375 16.88 0.365582
15.0625 16.375 16.96 0.353553
15.0625 16.3125 17.04 0.322064
15.125 16.25 17.12 0.406079
15.125 16.25 17.2 0.353553
15.125 16.1875 17.28 0.375
15.125 16.1875 17.36 0.353553
15.125 16.125 17.44 0.353553
15.125 16.125 17.52 0.296816
15.125 16.0625 17.6 0.279508
15.125 16.0625 17.68 0.322064
15.125 16.0625 17.76 0.353553
15.125 16.0625 17.84 0.279508
15.125 16.0625 17.92 0.279508
15.125 16 18 0.296816
15.125 16 18.08 0.279508
15.0625 16 18.16 0.279508
15.0625 16 18.24 0.279508
15.0625 16 18.32 0.279508
15.0625 16 18.4 0.279508
15 15.9375 18.48 0.279508
15 15.9375 18.56 0.322064
15 15.9375 18.64 0.279508
15 15.875 18.72 0.25
15 15.875 18.8 0.296816
14.9375 15.8125 18.88 0.296816
14.9375 15.8125 18.96 0.279508
14.9375 15.75 19.04 0.296816
14.9375 15.6875 19.12 0.279508
15 15.625 19.2 0.238432
15 15.5625 19.28 0.203039
15 15.5 19.36 0.203039
15 15.4375 19.44 0.238432
15 15.375 19.52 0.238432
15 15.3125 19.6 0.238432
15.0625 15.25 19.68 0.203039
15.0625 15.1875 19.76 0.203039
15 15.125 19.76 0.32
15.0625 15.0625 19.84 0.343548
15.0625 15.0625 19.92 0.296816
15.0625 15 20 0.279508
15.125 14.9375 20.08 0.343548
15.125 14.875 20.16 0.296816
15.1875 14.8125 20.24 0.343548
15.1875 14.75 20.32 0.296816
15.1875 14.6875 20.4 0.296816
15.1875 14.6875 20.48 0.353553
15.1875 14.6875 20.56 0.296816
15.125 14.6875 20.64 0.25
15.125 14.6875 20.72 0.296816
15.0625 14.6875 20.8 0.238432
15 14.75 20.88 0.238432
14.9375 14.75 20.88 0.32
14.875 14.8125 20.88 0.32
14.8125 14.8125 20.96 0.32
14.75 14.875 20.88 0.32
14.6875 14.875 20.88 0.32
14.625 14.9375 20.88 0.32
14.5625 14.9375 20.88 0.32
14.5 15 20.88 0.32
14.4375 15 20.88 0.32
14.375 15 20.8 0.296816
14.3125 15 20.8 0.296816
14.25 15.0625 20.8 0.343548
14.1875 15.0625 20.8 0.343548
14.125 15.125 20.8 0.238432
14.0625 15.125 20.72 0.343548
14 15.1875 20.64 0.279508
13.9375 15.125 20.64 0.343548
13.9375 15.0625 20.64 0.343548
13.9375 15 20.56 0.32
13.9375 14.9375 20.56 0.32
13.9375 14.875 20.56 0.32
14 14.8125 20.56 0.32
14 14.75 20.56 0.32
14 14.6875 20.64 0.343548
14 14.625 20.64 0.296816
14 14.5625 20.72 0.343548
14 14.5625 20.8 0.296816
14.0625 14.5 20.88 0.406079
14.0625 14.5 20.96 0.353553
14.0625 14.5 21.04 0.296816
14.0625 14.5 21.12 0.25
14.0625 14.5 21.2 0.25
14.0625 14.4375 21.28 0.279508
14.0625 14.4375 21.36 0.353553
14.0625 14.4375 21.44 0.279508
14.0625 14.4375 21.52 0.353553
14.0625 14.4375 21.6 0.296816
14.0625 14.4375 21.68 0.25
14.0625 14.4375 21.76 0.279508
14.0625 14.4375 21.84 0.279508
14.0625 14.375 21.92 0.353553
14.0625 14.375 22 0.279508
14.0625 14.375 22.08 0.353553
14 14.375 22.16 0.25
14 14.375 22.24 0.296816
14 14.375 22.32 0.25
13.9375 14.4375 22.4 0.296816
13.9375 14.4375 22.48 0.279508
13.875 14.4375 22.56 0.353553
13.875 14.4375 22.64 0.296816
13.8125 14.5 22.72 0.406079
13.75 14.5625 22.8 0.406079
13.6875 14.625 22.88 0.406079
13.625 14.6875 22.96 0.343548
13.625 14.75 22.96 0.343548
13.5625 14.8125 22.96 0.406079
13.5625 14.875 22.96 0.365582
13.5 14.9375 22.96 0.406079
13.4375 15 22.88 0.365582
13.4375 15.0625 22.88 0.406079
13.375 15.125 22.88 0.406079
13.3125 15.1875 22.8 0.365582
13.3125 15.25 22.8 0.406079
13.3125 15.3125 22.8 0.343548
13.25 15.375 22.72 0.406079
13.25 15.4375 22.64 0.365582
13.25 15.5 22.64 0.406079
13.25 15.5625 22.64 0.343548
13.25 15.625 22.56 0.406079
13.25 15.6875 22.56 0.343548
13.25 15.75 22.48 0.365582
13.25 15.8125 22.48 0.406079
13.3125 15.875 22.48 0.343548
13.3125 15.9375 22.4 0.343548
13.3125 16 22.4 0.365582
13.3125 16.0625 22.4 0.406079
13.375 16.125 22.4 0.406079
13.4375 16.1875 22.4 0.406079
13.5 16.1875 22.4 0.365582
13.5625 16.25 22.4 0.365582
13.625 16.3125 22.48 0.343548
13.6875 16.375 22.48 0.406079
13.75 16.375 22.48 0.406079
13.8125 16.375 22.48 0.424882
13.875 16.375 22.48 0.406079
13.9375 16.375 22.48 0.406079
14 16.3125 22.56 0.424882
14.0625 16.3125 22.56 0.48
14.125 16.3125 22.56 0.406079
14.1875 16.25 22.56 0.406079
14.25 16.25 22.56 0.343548
14.3125 16.1875 22.64 0.32
14.375 16.125 22.64 0.343548
14.4375 16.0625 22.64 0.406079
14.4375 16 22.64 0.388072
14.5 15.9375 22.64 0.406079
14.5625 15.875 22.72 0.406079
14.625 15.8125 22.8 0.343548
14.625 15.75 22.8 0.353553
14.6875 15.6875 22.8 0.406079
14.75 15.625 22.88 0.406079
14.75 15.5625 22.96 0.406079
14.75 15.5 22.96 0.322064
14.8125 15.4375 23.04 0.322064
14.8125 15.375 23.12 0.322064
14.875 15.3125 23.2 0.343548
14.875 15.25 23.28 0.343548
14.875 15.1875 23.28 0.279508
14.9375 15.125 23.36 0.279508
15 15.0625 23.44 0.25
15.0625 15 23.52 0.238432
15 14.9375 23.6 0.25
15.0625 14.875 23.68 0.25
15.0625 14.8125 23.76 0.25
15.0625 14.75 23.84 0.238432
15.0625 14.6875 23.92 0.238432
15.0625 14.625 24 0.238432
15.0625 14.5625 24.08 0.238432
15.0625 14.5 24.16 0.238432
15.0625 14.4375 24.24 0.238432
15.125 14.375 24.32 0.203039
15.0625 14.3125 24.32 0.238432
15.0625 14.25 24.4 0.238432
15.0625 14.1875 24.48 0.203039
15.0625 14.125 24.56 0.203039
15.0625 14.0625 24.56 0.238432
15.0625 14 24.64 0.203039
15.125 13.9375 24.64 0.203039
15.125 13.875 24.72 0.203039
15.125 13.8125 24.72 0.203039
15.125 13.75 24.8 0.203039
15.125 13.6875 24.8 0.203039
15.125 13.625 24.88 0.203039
15.1875 13.5625 24.88 0.203039
15.25 13.5 24.88 0.203039
15.25 13.4375 24.88 0.203039
15.3125 13.375 24.96 0.203039
15.3125 13.3125 24.96 0.238432
15.3125 13.25 24.96 0.238432
15.375 13.1875 24.96 0.238432
15.4375 13.125 24.96 0.238432
15.5 13.0625 24.96 0.238432
15.5625 13.0625 24.96 0.32
15.625 13 24.96 0.32
15.6875 13 24.96 0.32
15.75 13 25.04 0.32
15.8125 13 25.04 0.343548
15.875 13.0625 25.04 0.296816
10 8
13.625 14.5625 17.28 0.609118
13.5625 14.5 17.28 0.541202
13.5 14.4375 17.36 0.541202
13.5 14.375 17.44 0.476865
13.4375 14.3125 17.52 0.496009
13.375 14.3125 17.52 0.511517
13.3125 14.25 17.6 0.476865
13.25 14.1875 17.68 0.407707
11 6
13.625 14.625 17.36 0.496009
13.625 14.6875 17.44 0.406079
13.6875 14.6875 17.52 0.279508
13.6875 14.6875 17.6 0.279508
13.75 14.6875 17.68 0.353553
13.75 14.75 17.76 0.424882
12 11
19.4375 15.0625 17.84 0.715297
19.5 15.125 17.84 0.552743
19.5625 15.1875 17.76 0.541202
19.625 15.25 17.76 0.496009
19.6875 15.3125 17.76 0.48
19.75 15.375 17.76 0.365582
19.8125 15.4375 17.84 0.365582
19.875 15.5 17.84 0.48
19.9375 15.5 17.92 0.478252
20 15.5625 18 0.552743
20.0625 15.625 18.08 0.625
13 9
19.4375 15.0625 17.84 0.715297
19.375 15 17.92 0.707107
19.375 14.9375 18 0.625
19.375 14.9375 18.08 0.658426
19.375 14.875 18.16 0.55394
19.3125 14.875 18.24 0.609118
19.3125 14.8125 18.32 0.53033
19.3125 14.8125 18.4 0.609118
19.25 14.75 18.48 0.609118
14 5
18.0625 15.875 5.76 2.56445
18.0625 15.9375 5.68 2.63951
18.0625 16 5.68 2.44709
18.125 16.0625 5.68 2.51536
18.125 16.125 5.76 2.356
15 330
18.0625 15.875 5.76 2.56445
18 15.875 5.84 2.43968
17.9375 15.8125 5.92 2.22531
17.875 15.8125 6 2.04573
17.8125 15.8125 6.08 1.92812
17.75 15.75 6.16 1.76
17.6875 15.6875 6.24 1.50147
17.6875 15.6875 6.32 1.42128
17.6875 15.625 6.4 1.22463
17.6875 15.625 6.48 1.13387
17.625 15.625 6.56 1.0152
17.625 15.625 6.64 0.838153
17.6875 15.5625 6.72 0.715297
17.625 15.5625 6.8 0.609118
17.625 15.5625 6.88 0.496009
17.625 15.5 6.96 0.353553
17.6875 15.4375 7.04 0.322064
17.625 15.4375 7.12 0.353553
17.625 15.4375 7.2 0.279508
17.5625 15.5 7.28 0.176777
17.5625 15.5 7.36 0.238432
17.5625 15.5625 7.44 0.203039
17.5 15.625 7.52 0.176777
17.5 15.6875 7.6 0.176777
17.5 15.75 7.68 0.16
17.5 15.8125 7.76 0.125
17.5 15.875 7.68 0.203039
17.5 15.9375 7.76 0.16
17.5 16 7.76 0.203039
17.4375 16.0625 7.84 0.203039
17.5 16.125 7.84 0.203039
17.4375 16.1875 7.92 0.176777
17.4375 16.25 7.92 0.238432
17.4375 16.3125 8 0.203039
17.5 16.375 8 0.203039
17.5 16.4375 8.08 0.203039
17.4375 16.5 8.08 0.32
17.4375 16.5625 8.16 0.296816
17.4375 16.625 8.24 0.238432
17.375 16.6875 8.32 0.25
17.375 16.75 8.4 0.25
17.375 16.8125 8.48 0.238432
17.375 16.8125 8.56 0.25
17.375 16.8125 8.64 0.25
17.4375 16.8125 8.72 0.25
17.4375 16.8125 8.8 0.25
17.4375 16.8125 8.88 0.238432
17.4375 16.75 8.96 0.25
17.4375 16.75 9.04 0.25
17.4375 16.75 9.12 0.238432
17.5 16.6875 9.2 0.238432
17.5 16.6875 9.28 0.238432
17.5 16.625 9.36 0.238432
17.5625 16.625 9.44 0.238432
17.5625 16.5625 9.52 0.238432
17.5625 16.5625 9.6 0.25
17.625 16.5625 9.68 0.238432
17.625 16.5625 9.76 0.25
17.625 16.5625 9.84 0.25
17.625 16.5625 9.92 0.25
17.6875 16.5625 10 0.238432
17.6875 16.5625 10.08 0.25
17.6875 16.5625 10.16 0.238432
17.6875 16.625 10.24 0.238432
17.75 16.6875 10.32 0.203039
17.75 16.6875 10.4 0.176777
17.75 16.75 10.48 0.203039
17.75 16.8125 10.56 0.176777
17.75 16.8125 10.64 0.203039
17.75 16.875 10.72 0.125
17.75 16.9375 10.8 0.125
17.75 16.9375 10.88 0.203039
17.75 17 10.96 0.125
17.75 17.0625 11.04 0.125
17.75 17.125 11.12 0.125
17.6875 17.125 11.2 0.203039
17.6875 17.125 11.28 0.176777
17.6875 17.1875 11.36 0.176777
17.6875 17.1875 11.44 0.176777
17.75 17.25 11.52 0.125
17.75 17.25 11.6 0.203039
17.75 17.25 11.68 0.176777
17.75 17.25 11.76 0.176777
17.75 17.1875 11.84 0.238432
17.75 17.125 11.92 0.25
17.75 17.125 12 0.25
17.75 17.0625 12.08 0.25
17.75 17.0625 12.16 0.238432
17.8125 17.0625 12.24 0.238432
17.8125 17 12.32 0.238432
17.8125 17 12.4 0.238432
17.8125 16.9375 12.48 0.238432
17.8125 16.9375 12.56 0.203039
17.875 16.875 12.64 0.203039
17.875 16.8125 12.72 0.25
17.9375 16.8125 12.8 0.238432
17.9375 16.75 12.88 0.238432
18 16.75 12.96 0.238432
18.0625 16.6875 13.04 0.238432
18.125 16.6875 13.12 0.203039
18.125 16.625 13.2 0.25
18.1875 16.625 13.28 0.203039
18.1875 16.5625 13.36 0.25
18.1875 16.5 13.44 0.238432
18.25 16.5 13.52 0.238432
18.25 16.4375 13.6 0.238432
18.25 16.4375 13.68 0.238432
18.25 16.375 13.76 0.238432
18.3125 16.375 13.84 0.176777
18.25 16.3125 13.92 0.238432
18.25 16.3125 14 0.25
18.25 16.3125 14.08 0.25
18.25 16.3125 14.16 0.25
18.25 16.3125 14.24 0.25
18.25 16.3125 14.32 0.25
18.25 16.3125 14.4 0.25
18.1875 16.3125 14.48 0.25
18.1875 16.375 14.56 0.296816
18.1875 16.4375 14.64 0.25
18.1875 16.4375 14.72 0.25
18.125 16.5 14.8 0.238432
18.125 16.5 14.88 0.279508
18.125 16.5625 14.96 0.32
18.125 16.625 14.96 0.238432
18.125 16.6875 15.04 0.176777
18.125 16.75 15.12 0.203039
18.125 16.8125 15.2 0.176777
18.1875 16.875 15.28 0.203039
18.1875 16.9375 15.36 0.203039
18.25 17 15.44 0.203039
18.3125 17.0625 15.52 0.203039
18.375 17.125 15.6 0.203039
18.4375 17.0625 15.68 0.176777
18.4375 17.0625 15.76 0.238432
18.4375 17.0625 15.84 0.25
18.5 17.0625 15.92 0.238432
18.5 17.0625 16 0.25
18.5 17.0625 16.08 0.25
18.4375 17.0625 16.16 0.25
18.4375 17 16.24 0.238432
18.4375 17 16.32 0.203039
18.375 16.9375 16.4 0.238432
18.3125 16.9375 16.48 0.203039
18.3125 16.875 16.56 0.203039
18.3125 16.8125 16.64 0.203039
18.3125 16.75 16.72 0.203039
18.25 16.6875 16.8 0.203039
18.1875 16.625 16.88 0.203039
18.1875 16.5625 16.96 0.203039
18.1875 16.5 17.04 0.203039
18.125 16.4375 17.12 0.238432
18.125 16.375 17.2 0.203039
18.125 16.3125 17.28 0.203039
18.125 16.25 17.36 0.238432
18.125 16.25 17.44 0.176777
18.125 16.1875 17.52 0.203039
18.125 16.125 17.6 0.238432
18.125 16.0625 17.68 0.238432
18.125 16.0625 17.76 0.238432
18.1875 16.0625 17.84 0.176777
18.125 16 17.92 0.25
18.1875 16 18 0.238432
18.1875 15.9375 18.08 0.238432
18.1875 15.9375 18.16 0.238432
18.1875 15.875 18.24 0.25
18.25 15.875 18.32 0.203039
18.25 15.8125 18.4 0.238432
18.25 15.8125 18.48 0.238432
18.25 15.75 18.56 0.25
18.25 15.75 18.64 0.25
18.25 15.75 18.72 0.25
18.25 15.75 18.8 0.238432
18.3125 15.75 18.88 0.238432
18.3125 15.6875 18.96 0.25
18.3125 15.6875 19.04 0.25
18.25 15.6875 19.12 0.25
18.25 15.6875 19.2 0.238432
18.25 15.625 19.28 0.25
18.1875 15.625 19.36 0.238432
18.1875 15.5625 19.44 0.238432
18.1875 15.5625 19.52 0.203039
18.125 15.5 19.6 0.203039
18.125 15.4375 19.68 0.203039
18.0625 15.375 19.76 0.238432
18 15.375 19.84 0.203039
18 15.3125 19.92 0.176777
18 15.25 20 0.203039
17.9375 15.1875 20.08 0.238432
17.9375 15.125 20.16 0.238432
17.9375 15.0625 20.24 0.238432
17.9375 15.0625 20.32 0.25
17.875 15.0625 20.4 0.25
17.875 15.0625 20.48 0.238432
17.8125 15 20.56 0.238432
17.8125 15 20.64 0.25
17.8125 15 20.72 0.238432
17.875 15 20.8 0.238432
17.9375 15 20.88 0.203039
18 15.0625 20.96 0.203039
18.0625 15.0625 21.04 0.203039
18.125 15.125 21.12 0.125
18.1875 15.125 21.12 0.16
18.25 15.125 21.12 0.16
18.3125 15.0625 21.12 0.203039
18.375 15 21.12 0.32
18.4375 15 21.12 0.32
18.5 15 21.12 0.32
18.5625 15 21.12 0.32
18.625 15 21.12 0.32
18.6875 15 21.12 0.32
18.75 15 21.12 0.25
18.8125 15.0625 21.04 0.32
18.875 15.125 21.12 0.203039
18.9375 15.125 21.2 0.203039
19 15.1875 21.28 0.25
19 15.1875 21.36 0.25
19 15.125 21.44 0.238432
18.9375 15.0625 21.52 0.238432
18.9375 15 21.6 0.203039
18.875 14.9375 21.6 0.238432
18.8125 14.875 21.68 0.238432
18.8125 14.8125 21.68 0.238432
18.75 14.75 21.76 0.203039
18.6875 14.6875 21.76 0.238432
18.6875 14.625 21.76 0.238432
18.6875 14.5625 21.84 0.203039
18.625 14.5 21.92 0.203039
18.625 14.4375 21.92 0.25
18.625 14.375 22 0.203039
18.625 14.3125 22.08 0.203039
18.625 14.25 22.16 0.238432
18.625 14.1875 22.24 0.296816
18.625 14.125 22.32 0.25
18.625 14.125 22.4 0.296816
18.625 14.125 22.48 0.25
18.625 14.125 22.56 0.25
18.625 14.125 22.64 0.238432
18.6875 14.125 22.72 0.238432
18.6875 14.125 22.8 0.279508
18.75 14.1875 22.88 0.203039
18.6875 14.1875 22.96 0.238432
18.75 14.25 23.04 0.203039
18.75 14.25 23.12 0.238432
18.75 14.3125 23.2 0.238432
18.8125 14.375 23.28 0.203039
18.75 14.4375 23.36 0.25
18.8125 14.5 23.44 0.25
18.8125 14.5625 23.52 0.203039
18.8125 14.625 23.52 0.238432
18.875 14.6875 23.52 0.32
18.9375 14.75 23.52 0.32
18.9375 14.8125 23.52 0.32
19 14.875 23.52 0.32
19 14.9375 23.44 0.32
19.0625 15 23.44 0.32
19.0625 15.0625 23.44 0.238432
19.125 15.125 23.36 0.238432
19.125 15.1875 23.36 0.32
19.125 15.25 23.36 0.238432
19.1875 15.3125 23.36 0.203039
19.1875 15.375 23.28 0.32
19.1875 15.4375 23.28 0.32
19.1875 15.5 23.28 0.32
19.1875 15.5625 23.2 0.238432
19.125 15.625 23.2 0.32
19.125 15.6875 23.2 0.32
19.0625 15.75 23.12 0.238432
19 15.8125 23.12 0.32
18.9375 15.875 23.12 0.32
18.875 15.9375 23.12 0.32
18.8125 15.9375 23.12 0.32
18.75 15.9375 23.12 0.32
18.6875 16 23.12 0.32
18.625 16 23.12 0.32
18.5625 16 23.12 0.32
18.5 16 23.12 0.32
18.4375 16 23.12 0.32
18.375 16.0625 23.12 0.32
18.3125 16 23.12 0.32
18.25 16 23.12 0.32
18.1875 15.9375 23.12 0.32
18.125 15.9375 23.12 0.32
18.0625 15.875 23.12 0.32
18 15.8125 23.12 0.32
17.9375 15.75 23.12 0.32
17.875 15.6875 23.12 0.32
17.8125 15.625 23.12 0.32
17.8125 15.5625 23.12 0.32
17.75 15.5 23.2 0.32
17.75 15.4375 23.2 0.32
17.6875 15.375 23.2 0.32
17.625 15.3125 23.28 0.238432
17.625 15.25 23.28 0.32
17.5625 15.1875 23.28 0.203039
17.5 15.125 23.36 0.203039
17.4375 15.125 23.36 0.203039
17.375 15.0625 23.44 0.16
17.3125 15.0625 23.44 0.203039
17.25 15 23.52 0.203039
17.1875 14.9375 23.6 0.176777
17.125 14.875 23.68 0.176777
17.0625 14.8125 23.76 0.203039
17.0625 14.75 23.76 0.238432
17.0625 14.6875 23.84 0.203039
17 14.625 23.92 0.203039
17 14.5625 23.92 0.203039
16.9375 14.5 24 0.203039
16.875 14.4375 24.08 0.16
16.875 14.375 24.16 0.16
16.8125 14.3125 24.16 0.203039
16.75 14.25 24.24 0.16
16.6875 14.1875 24.32 0.16
16.6875 14.125 24.32 0.125
16.625 14.0625 24.32 0.16
16.5625 14 24.4 0.16
16.5 13.9375 24.4 0.16
16.4375 13.875 24.4 0.203039
16.375 13.8125 24.48 0.16
16.3125 13.75 24.48 0.16
16.25 13.6875 24.56 0.16
16.25 13.625 24.56 0.125
16.1875 13.5625 24.56 0.16
16.125 13.5 24.64 0.16
16.0625 13.4375 24.64 0.203039
16.0625 13.375 24.72 0.16
16.0625 13.3125 24.72 0.125
16 13.25 24.8 0.16
15.9375 13.1875 24.88 0.203039
15.875 13.125 24.96 0.238432
15.875 13.0625 25.04 0.296816
16 35
15.875 13.0625 25.04 0.296816
15.9375 13 25.12 0.406079
16 12.9375 25.2 0.406079
16.0625 12.875 25.28 0.353553
16.125 12.875 25.36 0.406079
16.1875 12.8125 25.44 0.406079
16.25 12.75 25.52 0.406079
16.25 12.75 25.6 0.424882
16.3125 12.75 25.68 0.406079
16.3125 12.6875 25.76 0.406079
16.375 12.625 25.84 0.406079
16.375 12.625 25.92 0.406079
16.4375 12.5625 26 0.406079
16.5 12.5 26.08 0.353553
16.5625 12.4375 26.16 0.353553
16.625 12.4375 26.24 0.322064
16.625 12.375 26.32 0.322064
16.625 12.375 26.4 0.296816
16.625 12.375 26.48 0.25
16.625 12.3125 26.56 0.25
16.625 12.3125 26.64 0.238432
16.625 12.3125 26.72 0.176777
16.5625 12.3125 26.8 0.176777
16.5 12.25 26.88 0.238432
16.5 12.1875 26.96 0.279508
16.4375 12.1875 27.04 0.238432
16.375 12.125 27.12 0.238432
16.3125 12.125 27.2 0.238432
16.25 12.0625 27.28 0.238432
16.1875 12.0625 27.36 0.238432
16.125 12.0625 27.44 0.238432
16.0625 12.0625 27.52 0.238432
16 12 27.6 0.25
15.9375 12.0625 27.68 0.279508
15.875 12.0625 27.76 0.353553
17 24
13.25 14.125 17.68 0.476865
13.25 14.0625 17.68 0.406079
13.25 14 17.68 0.343548
13.25 13.9375 17.68 0.203039
13.25 13.875 17.68 0.16
13.1875 13.8125 17.68 0.203039
13.1875 13.75 17.76 0.203039
13.125 13.75 17.84 0.238432
13.125 13.75 17.92 0.238432
13.125 13.75 18 0.203039
13.125 13.8125 18.08 0.125
13.1875 13.75 18.16 0.203039
13.25 13.75 18.24 0.176777
13.25 13.75 18.32 0.176777
13.3125 13.8125 18.4 0.203039
13.3125 13.8125 18.48 0.238432
13.375 13.8125 18.56 0.176777
13.4375 13.875 18.64 0.176777
13.5 13.875 18.72 0.203039
13.5 13.875 18.8 0.238432
13.5625 13.875 18.88 0.238432
13.625 13.9375 18.96 0.203039
13.6875 13.9375 19.04 0.16
13.75 13.875 19.04 0.16
18 73
13.25 14.1875 17.76 0.406079
13.25 14.1875 17.84 0.296816
13.1875 14.125 17.92 0.322064
13.125 14.125 18 0.322064
13.125 14.125 18.08 0.353553
13.125 14.125 18.16 0.279508
13.125 14.125 18.24 0.279508
13.0625 14.0625 18.32 0.25
13.0625 14.0625 18.4 0.25
13.0625 14 18.48 0.25
13.0625 14 18.56 0.25
13.0625 14 18.64 0.25
13.0625 13.9375 18.72 0.238432
13.0625 13.9375 18.8 0.25
13.125 13.9375 18.88 0.203039
13.125 13.875 18.96 0.238432
13.125 13.875 19.04 0.203039
13.125 13.8125 19.12 0.238432
13.1875 13.8125 19.2 0.203039
13.1875 13.75 19.28 0.238432
13.1875 13.75 19.36 0.176777
13.25 13.6875 19.44 0.203039
13.25 13.625 19.52 0.238432
13.25 13.625 19.6 0.238432
13.25 13.5625 19.68 0.238432
13.3125 13.5625 19.76 0.238432
13.3125 13.5 19.84 0.238432
13.3125 13.5 19.92 0.238432
13.375 13.5 20 0.203039
13.3125 13.4375 20.08 0.238432
13.3125 13.375 20.16 0.238432
13.3125 13.375 20.24 0.238432
13.3125 13.3125 20.32 0.238432
13.25 13.25 20.4 0.238432
13.25 13.25 20.48 0.238432
13.1875 13.1875 20.56 0.25
13.125 13.1875 20.64 0.238432
13.0625 13.125 20.72 0.238432
13 13.125 20.8 0.238432
12.9375 13.125 20.8 0.238432
12.875 13.125 20.88 0.203039
12.8125 13.0625 20.88 0.238432
12.75 13.125 20.88 0.203039
12.6875 13.125 20.96 0.203039
12.625 13.125 20.96 0.203039
12.5625 13.125 20.96 0.203039
12.5 13.125 20.96 0.238432
12.4375 13.125 20.96 0.203039
12.375 13.125 21.04 0.203039
12.3125 13.1875 21.04 0.203039
12.25 13.1875 21.04 0.203039
12.1875 13.1875 21.04 0.203039
12.125 13.1875 21.04 0.203039
12.0625 13.1875 21.04 0.203039
12 13.1875 21.12 0.203039
11.9375 13.1875 21.12 0.238432
11.875 13.1875 21.12 0.203039
11.8125 13.1875 21.2 0.203039
11.75 13.1875 21.28 0.203039
11.6875 13.1875 21.36 0.203039
11.625 13.1875 21.44 0.203039
11.5625 13.1875 21.52 0.176777
11.5625 13.1875 21.6 0.203039
11.5 13.125 21.68 0.176777
11.5 13.125 21.76 0.176777
11.5 13.125 21.84 0.176777
11.5 13.125 21.92 0.176777
11.5 13.125 22 0.176777
11.5 13.125 22.08 0.176777
11.5 13.125 22.16 0.176777
11.5 13.125 22.24 0.176777
11.5 13.1875 22.32 0.16
11.5 13.125 22.4 0.16
19 41
13.75 14.75 17.76 0.424882
13.75 14.75 17.84 0.450694
13.75 14.8125 17.92 0.478252
13.75 14.8125 18 0.515388
13.8125 14.75 18.08 0.658426
13.8125 14.75 18.16 0.715297
13.875 14.75 18.24 0.741772
13.875 14.6875 18.32 0.707107
13.875 14.6875 18.4 0.715297
13.875 14.625 18.48 0.625
13.875 14.625 18.56 0.715297
13.875 14.5625 18.64 0.619395
13.875 14.5625 18.72 0.658426
13.875 14.5 18.8 0.552743
13.875 14.5 18.88 0.55394
13.875 14.4375 18.96 0.53033
13.9375 14.4375 19.04 0.609118
13.9375 14.375 19.12 0.609118
13.9375 14.3125 19.2 0.508576
13.9375 14.3125 19.28 0.508576
13.9375 14.25 19.36 0.609118
13.9375 14.25 19.44 0.541202
13.9375 14.1875 19.52 0.492976
13.9375 14.125 19.6 0.478252
13.9375 14.125 19.68 0.476865
13.9375 14.0625 19.76 0.478252
13.9375 14.0625 19.84 0.476865
13.9375 14 19.92 0.476865
13.9375 13.9375 20 0.492976
13.9375 13.875 20.08 0.476865
13.9375 13.875 20.16 0.476865
13.9375 13.8125 20.24 0.395285
13.9375 13.8125 20.32 0.388072
13.9375 13.75 20.4 0.424882
13.9375 13.75 20.48 0.424882
13.9375 13.6875 20.56 0.388072
13.9375 13.6875 20.64 0.476865
13.9375 13.625 20.72 0.476865
13.9375 13.625 20.8 0.424882
13.875 13.5625 20.88 0.388072
13.875 13.5625 20.96 0.476865
20 12
20.0625 15.625 18.08 0.625
20 15.6875 18.16 0.625
20 15.6875 18.24 0.621812
19.9375 15.6875 18.32 0.53033
19.9375 15.6875 18.4 0.53033
19.9375 15.6875 18.48 0.53033
19.9375 15.6875 18.56 0.450694
19.9375 15.6875 18.64 0.53033
20 15.75 18.72 0.492976
19.9375 15.6875 18.8 0.450694
19.9375 15.6875 18.88 0.407707
20 15.6875 18.96 0.395285
21 22
19.25 14.75 18.48 0.609118
19.1875 14.75 18.4 0.492976
19.125 14.6875 18.48 0.424882
19.0625 14.6875 18.48 0.365582
19 14.625 18.48 0.32
18.9375 14.5625 18.48 0.32
18.875 14.5625 18.48 0.203039
18.8125 14.5 18.56 0.203039
18.75 14.4375 18.64 0.203039
18.75 14.375 18.64 0.238432
18.75 14.3125 18.72 0.203039
18.75 14.25 18.8 0.238432
18.75 14.25 18.88 0.176777
18.75 14.1875 18.96 0.238432
18.75 14.1875 19.04 0.203039
18.8125 14.125 19.12 0.203039
18.8125 14.125 19.2 0.203039
18.875 14.125 19.28 0.125
18.875 14.125 19.36 0.125
18.875 14.0625 19.44 0.203039
18.875 14.0625 19.52 0.238432
18.875 14.0625 19.6 0.203039
22 61
19.25 14.75 18.48 0.609118
19.3125 14.75 18.56 0.541202
19.3125 14.6875 18.64 0.375
19.25 14.6875 18.72 0.343548
19.25 14.625 18.8 0.343548
19.25 14.5625 18.88 0.238432
19.25 14.5 18.96 0.238432
19.25 14.5 19.04 0.238432
19.25 14.4375 19.12 0.238432
19.25 14.4375 19.2 0.176777
19.25 14.4375 19.28 0.203039
19.1875 14.375 19.36 0.238432
19.25 14.375 19.44 0.203039
19.1875 14.375 19.52 0.203039
19.1875 14.3125 19.6 0.176777
19.25 14.3125 19.68 0.16
19.3125 14.25 19.76 0.16
19.25 14.1875 19.84 0.238432
19.25 14.1875 19.92 0.203039
19.3125 14.125 20 0.176777
19.25 14.125 20.08 0.176777
19.3125 14.0625 20.16 0.203039
19.3125 14 20.24 0.238432
19.3125 14 20.32 0.203039
19.3125 13.9375 20.4 0.203039
19.3125 13.875 20.48 0.203039
19.3125 13.8125 20.56 0.203039
19.3125 13.75 20.64 0.203039
19.25 13.6875 20.72 0.203039
19.25 13.625 20.72 0.238432
19.1875 13.5625 20.8 0.238432
19.25 13.5 20.88 0.203039
19.1875 13.4375 20.88 0.238432
19.1875 13.375 20.96 0.25
19.1875 13.3125 21.04 0.238432
19.1875 13.25 21.04 0.238432
19.25 13.1875 21.12 0.32
19.3125 13.125 21.2 0.32
19.3125 13.0625 21.2 0.238432
19.3125 13 21.28 0.238432
19.375 13 21.36 0.203039
19.4375 12.9375 21.36 0.238432
19.5 12.875 21.44 0.238432
19.5625 12.875 21.44 0.238432
19.625 12.875 21.52 0.238432
19.6875 12.875 21.6 0.203039
19.75 12.875 21.6 0.238432
19.8125 12.875 21.68 0.203039
19.875 12.875 21.68 0.238432
19.9375 12.9375 21.76 0.203039
20 12.875 21.76 0.32
20.0625 12.875 21.76 0.238432
20.125 12.9375 21.84 0.203039
20.1875 12.9375 21.84 0.238432
20.25 13 21.92 0.203039
20.3125 13 21.92 0.238432
20.375 13 21.92 0.238432
20.4375 13.0625 22 0.203039
20.5 13.125 22 0.203039
20.5625 13.125 22.08 0.16
20.625 13.125 22.08 0.16
23 62
17.9375 19.3125 2.56 2.14532
18 19.3125 2.64 2.38432
18 19.3125 2.72 2.21148
18 19.3125 2.8 2.21148
18.0625 19.3125 2.88 2.2981
18.125 19.375 2.96 2.2981
18.125 19.3125 3.04 2.49451
18.125 19.3125 3.12 2.49451
18.125 19.25 3.2 2.45217
18.125 19.1875 3.28 2.50077
18.1875 19.1875 3.36 2.50077
18.25 19.1875 3.44 2.63951
18.3125 19.125 3.52 2.63951
18.3125 19.0625 3.6 2.63951
18.3125 19 3.68 2.63951
18.3125 18.9375 3.76 2.63951
18.375 18.9375 3.84 2.56445
18.4375 18.875 3.92 2.56749
18.4375 18.8125 4 2.51536
18.5 18.75 4.08 2.44927
18.5625 18.6875 4.16 2.44927
18.5 18.625 4.24 2.14532
18.5625 18.5625 4.32 2.44927
18.625 18.5 4.4 2.21148
18.6875 18.4375 4.48 2.38432
18.6875 18.375 4.56 2.14532
18.6875 18.3125 4.64 2.43968
18.6875 18.25 4.72 2.04716
18.6875 18.1875 4.8 2.02315
18.6875 18.125 4.88 2.01162
18.6875 18.0625 4.96 2.04961
18.75 18 5.04 2.23343
18.6875 17.9375 5.12 2.08308
18.6875 17.875 5.2 2.15873
18.6875 17.8125 5.2 2.23343
18.625 17.75 5.28 2.16481
18.625 17.6875 5.28 2.05335
18.6875 17.625 5.28 2.09105
18.625 17.5625 5.36 2.15873
18.625 17.5 5.36 2.10374
18.625 17.4375 5.36 2.09257
18.625 17.375 5.44 2.09257
18.625 17.3125 5.44 2.15873
18.5625 17.25 5.44 2.15873
18.5 17.1875 5.52 2.23343
18.5 17.125 5.52 2.23343
18.5 17.0625 5.52 2.23343
18.5 17 5.52 2.23343
18.5 16.9375 5.52 2.24696
18.4375 16.875 5.6 2.23343
18.375 16.8125 5.6 2.23693
18.375 16.75 5.6 2.29105
18.375 16.6875 5.6 2.36157
18.375 16.625 5.6 2.36157
18.375 16.5625 5.6 2.36157
18.3125 16.5 5.6 2.30465
18.3125 16.4375 5.6 2.56
18.3125 16.375 5.6 2.56
18.25 16.3125 5.6 2.56
18.1875 16.25 5.68 2.43968
18.1875 16.1875 5.68 2.44927
18.125 16.125 5.76 2.356
24 220
18.125 16.125 5.76 2.356
18.125 16.125 5.84 2.43647
18.125 16.0625 5.92 2.36157
18.125 16.0625 6 2.23343
18.125 16.0625 6.08 2.15873
18.125 16.0625 6.16 2.03039
18.125 16.0625 6.24 1.8868
18.1875 16.0625 6.32 1.82735
18.1875 16.125 6.4 1.56616
18.1875 16.125 6.48 1.62432
18.1875 16.1875 6.56 1.25134
18.1875 16.1875 6.64 1.30672
18.25 16.1875 6.72 1.24362
18.25 16.1875 6.8 1.12472
18.25 16.25 6.88 0.901388
18.25 16.25 6.96 0.969974
18.3125 16.25 7.04 0.883883
18.3125 16.25 7.12 0.883883
18.3125 16.3125 7.2 0.796021
18.3125 16.3125 7.28 0.95373
18.3125 16.3125 7.36 0.854634
18.3125 16.375 7.44 0.854634
18.3125 16.4375 7.52 0.75
18.25 16.5 7.6 0.728869
18.25 16.5 7.68 0.728869
18.25 16.5 7.76 0.728869
18.25 16.5 7.84 0.728869
18.25 16.5625 7.92 0.702157
18.1875 16.625 8 0.800391
18.125 16.625 8.08 0.854634
18.125 16.625 8.16 0.800391
18.125 16.6875 8.24 0.766877
18.125 16.6875 8.32 0.800391
18.0625 16.6875 8.4 0.800391
18.0625 16.6875 8.48 0.800391
18.0625 16.6875 8.56 0.800391
18.0625 16.6875 8.64 0.728869
18.0625 16.6875 8.72 0.746224
18.125 16.6875 8.8 0.800391
18.125 16.6875 8.88 0.800391
18.125 16.6875 8.96 0.800391
18.125 16.6875 9.04 0.776144
18.1875 16.6875 9.12 0.724983
18.1875 16.6875 9.2 0.707107
18.1875 16.6875 9.28 0.821721
18.1875 16.75 9.36 0.736817
18.25 16.75 9.44 0.724983
18.25 16.75 9.52 0.812158
18.3125 16.75 9.6 0.724983
18.375 16.75 9.68 0.702157
18.375 16.75 9.76 0.724983
18.4375 16.75 9.84 0.736817
18.5 16.75 9.92 0.625
18.5 16.75 10 0.715297
18.5625 16.8125 10.08 0.715297
18.625 16.8125 10.16 0.715297
18.625 16.8125 10.24 0.693109
18.6875 16.8125 10.32 0.693109
18.75 16.8125 10.4 0.693109
18.8125 16.8125 10.48 0.715297
18.875 16.75 10.48 0.559017
18.9375 16.8125 10.56 0.658426
19 16.8125 10.64 0.658426
19.0625 16.8125 10.72 0.658426
19.125 16.8125 10.8 0.621812
19.1875 16.75 10.8 0.687095
19.25 16.75 10.88 0.658426
19.3125 16.75 10.88 0.687095
19.375 16.6875 10.96 0.619395
19.4375 16.6875 10.96 0.687095
19.5 16.6875 11.04 0.687095
19.5625 16.6875 11.04 0.621812
19.625 16.6875 11.12 0.64
19.6875 16.6875 11.12 0.64
19.75 16.6875 11.12 0.609118
19.8125 16.75 11.12 0.541202
19.875 16.6875 11.2 0.541202
19.9375 16.6875 11.2 0.541202
20 16.6875 11.2 0.496009
20.0625 16.6875 11.2 0.48
20.125 16.75 11.28 0.424882
20.1875 16.75 11.28 0.48
20.25 16.75 11.28 0.48
20.3125 16.6875 11.28 0.424882
20.375 16.6875 11.28 0.424882
20.4375 16.75 11.28 0.406079
20.5 16.75 11.28 0.406079
20.5625 16.75 11.28 0.406079
20.625 16.75 11.28 0.406079
20.6875 16.75 11.28 0.406079
20.75 16.75 11.28 0.406079
20.8125 16.6875 11.28 0.424882
20.875 16.6875 11.28 0.48
20.9375 16.6875 11.28 0.48
21 16.625 11.28 0.424882
21.0625 16.625 11.28 0.406079
21.125 16.625 11.28 0.406079
21.1875 16.625 11.2 0.406079
21.25 16.5625 11.2 0.424882
21.3125 16.5625 11.2 0.48
21.375 16.5625 11.2 0.48
21.4375 16.5 11.12 0.476865
21.5 16.5 11.12 0.476865
21.5625 16.5 11.12 0.424882
21.625 16.4375 11.12 0.48
21.6875 16.4375 11.04 0.424882
21.75 16.375 11.04 0.424882
21.8125 16.3125 11.04 0.48
21.875 16.25 10.96 0.492976
21.9375 16.1875 10.96 0.476865
22 16.125 10.96 0.496009
22.0625 16.125 10.88 0.496009
22.125 16.125 10.88 0.496009
22.1875 16.0625 10.88 0.541202
22.25 16 10.8 0.48
22.3125 15.9375 10.8 0.406079
22.375 15.875 10.72 0.365582
22.4375 15.875 10.72 0.406079
22.5 15.8125 10.72 0.343548
22.5625 15.75 10.64 0.406079
22.625 15.6875 10.64 0.406079
22.6875 15.625 10.56 0.406079
22.75 15.625 10.56 0.406079
22.8125 15.5625 10.48 0.406079
22.875 15.5625 10.4 0.406079
22.9375 15.5 10.4 0.406079
23 15.5 10.32 0.406079
23.0625 15.4375 10.32 0.406079
23.125 15.375 10.24 0.424882
23.1875 15.3125 10.16 0.476865
23.25 15.3125 10.16 0.424882
23.3125 15.3125 10.08 0.424882
23.375 15.3125 10.08 0.424882
23.4375 15.25 10 0.424882
23.5 15.25 10 0.476865
23.5625 15.1875 10 0.48
23.625 15.1875 9.92 0.476865
23.6875 15.1875 9.92 0.496009
23.75 15.125 9.92 0.48
23.8125 15.1875 9.84 0.476865
23.875 15.125 9.84 0.476865
23.9375 15.1875 9.76 0.424882
24 15.125 9.76 0.476865
24.0625 15.125 9.76 0.48
24.125 15.125 9.68 0.48
24.1875 15.125 9.68 0.496009
24.25 15.125 9.68 0.48
24.3125 15.0625 9.6 0.48
24.375 15.0625 9.6 0.48
24.4375 15.125 9.6 0.48
24.5 15.125 9.52 0.406079
24.5625 15.0625 9.52 0.48
24.625 15.0625 9.52 0.48
24.6875 15.0625 9.52 0.424882
24.75 15.0625 9.44 0.476865
24.8125 15.0625 9.44 0.496009
24.875 15.125 9.44 0.48
24.9375 15.125 9.36 0.424882
25 15.125 9.36 0.424882
25.0625 15.125 9.36 0.406079
25.125 15.125 9.28 0.424882
25.1875 15.125 9.28 0.48
25.25 15.125 9.28 0.406079
25.3125 15.125 9.2 0.48
25.375 15.125 9.2 0.48
25.4375 15.125 9.12 0.406079
25.5 15.125 9.12 0.406079
25.5625 15.125 9.12 0.406079
25.625 15.125 9.12 0.406079
25.6875 15.125 9.04 0.496009
25.75 15.125 9.04 0.407707
25.8125 15.125 9.04 0.424882
25.875 15.1875 8.96 0.424882
25.9375 15.1875 8.96 0.406079
26 15.1875 8.88 0.476865
26.0625 15.1875 8.88 0.48
26.125 15.1875 8.88 0.406079
26.1875 15.25 8.8 0.424882
26.25 15.25 8.8 0.48
26.3125 15.25 8.72 0.424882
26.375 15.25 8.72 0.424882
26.4375 15.25 8.64 0.406079
26.5 15.25 8.64 0.476865
26.5625 15.3125 8.56 0.406079
26.625 15.3125 8.56 0.48
26.6875 15.3125 8.56 0.406079
26.75 15.375 8.48 0.406079
26.8125 15.375 8.48 0.406079
26.875 15.4375 8.4 0.406079
26.9375 15.375 8.4 0.424882
27 15.4375 8.32 0.406079
27.0625 15.4375 8.32 0.48
27.125 15.4375 8.32 0.406079
27.1875 15.5 8.24 0.424882
27.25 15.4375 8.24 0.424882
27.3125 15.5 8.16 0.424882
27.375 15.5 8.16 0.424882
27.4375 15.5 8.08 0.424882
27.5 15.5 8.08 0.476865
27.5625 15.5625 8 0.424882
27.625 15.5625 8 0.476865
27.6875 15.5625 8 0.406079
27.75 15.5625 7.92 0.424882
27.8125 15.5625 7.92 0.424882
27.875 15.625 7.84 0.424882
27.9375 15.6875 7.84 0.406079
28 15.625 7.76 0.406079
28.0625 15.6875 7.76 0.424882
28.125 15.75 7.68 0.406079
28.1875 15.75 7.68 0.424882
28.25 15.75 7.6 0.424882
28.3125 15.75 7.6 0.48
28.375 15.8125 7.6 0.296816
28.4375 15.875 7.52 0.32
28.5 15.9375 7.52 0.32
28.5625 15.9375 7.52 0.32
28.625 15.9375 7.52 0.32
28.6875 16 7.52 0.203039
28.75 16.0625 7.52 0.16
28.8125 16.125 7.44 0.16
25 48
13.6875 14.375 27.2 0.16
13.75 14.3125 27.2 0.16
13.8125 14.25 27.28 0.125
13.875 14.1875 27.28 0.16
13.875 14.125 27.28 0.16
13.9375 14.0625 27.28 0.16
13.9375 14 27.28 0.16
13.9375 13.9375 27.28 0.125
13.9375 13.875 27.28 0.125
14 13.8125 27.28 0.16
14.0625 13.75 27.28 0.16
14.0625 13.6875 27.28 0.16
14.125 13.625 27.28 0.16
14.125 13.5625 27.28 0.125
14.1875 13.5 27.28 0.16
14.25 13.4375 27.28 0.16
14.25 13.375 27.28 0.16
14.3125 13.3125 27.28 0.16
14.3125 13.25 27.28 0.16
14.375 13.1875 27.28 0.16
14.375 13.125 27.28 0.16
14.4375 13.0625 27.36 0.125
14.5 13 27.36 0.16
14.5625 12.9375 27.36 0.16
14.625 12.875 27.36 0.16
14.6875 12.8125 27.36 0.16
14.75 12.75 27.36 0.125
14.8125 12.75 27.36 0.16
14.875 12.6875 27.36 0.125
14.9375 12.6875 27.36 0.16
15 12.625 27.36 0.125
15.0625 12.625 27.36 0.16
15.125 12.625 27.36 0.16
15.1875 12.5625 27.36 0.125
15.25 12.5625 27.36 0.16
15.3125 12.5 27.44 0.125
15.375 12.5 27.44 0.16
15.4375 12.5 27.44 0.16
15.5 12.5 27.44 0.16
15.5625 12.4375 27.44 0.16
15.625 12.375 27.52 0.125
15.6875 12.375 27.52 0.16
15.75 12.375 27.52 0.16
15.8125 12.3125 27.52 0.16
15.8125 12.25 27.6 0.125
15.8125 12.1875 27.68 0.203039
15.8125 12.125 27.68 0.343548
15.875 12.0625 27.76 0.353553
26 48
15.875 12.0625 27.76 0.353553
15.8125 12.0625 27.84 0.25
15.875 12.0625 27.92 0.203039
15.875 12.0625 28 0.125
15.875 12.0625 28.08 0.125
15.875 12 28.16 0.203039
15.9375 11.9375 28.24 0.203039
16 11.9375 28.32 0.16
16.0625 11.9375 28.32 0.16
16.125 11.875 28.32 0.16
16.1875 11.875 28.32 0.16
16.25 11.8125 28.32 0.16
16.3125 11.8125 28.32 0.125
16.375 11.875 28.24 0.16
16.4375 11.8125 28.24 0.16
16.5 11.875 28.24 0.125
16.5625 11.875 28.24 0.16
16.625 11.875 28.24 0.16
16.6875 11.875 28.24 0.16
16.75 11.875 28.24 0.125
16.8125 11.9375 28.16 0.125
16.875 12 28.16 0.16
16.9375 12.0625 28.16 0.125
16.875 12.125 28.16 0.125
16.9375 12.1875 28.08 0.16
17 12.25 28.08 0.125
16.9375 12.3125 28 0.203039
17 12.375 28 0.16
17.0625 12.4375 28 0.16
17 12.5 28 0.125
17.0625 12.5625 27.92 0.16
17.0625 12.625 27.92 0.16
17.0625 12.6875 27.92 0.16
17.0625 12.75 27.84 0.203039
17.125 12.8125 27.84 0.16
17.125 12.875 27.84 0.16
17.125 12.9375 27.84 0.16
17.125 13 27.84 0.125
17.1875 13.0625 27.84 0.125
17.1875 13.125 27.84 0.16
17.1875 13.1875 27.84 0.16
17.1875 13.25 27.84 0.16
17.1875 13.3125 27.84 0.16
17.25 13.375 27.92 0.125
17.1875 13.4375 28 0.125
17.25 13.5 28 0.125
17.25 13.5625 28 0.176777
17.3125 13.625 28.08 0.16
27 102
13.875 13.5625 20.96 0.476865
13.875 13.5625 21.04 0.424882
13.875 13.5 21.12 0.424882
13.8125 13.5 21.2 0.476865
13.8125 13.5 21.28 0.406079
13.75 13.4375 21.36 0.476865
13.75 13.4375 21.44 0.424882
13.6875 13.4375 21.52 0.424882
13.625 13.375 21.6 0.424882
13.5625 13.375 21.68 0.424882
13.5625 13.375 21.76 0.375
13.5 13.3125 21.84 0.476865
13.4375 13.3125 21.92 0.476865
13.375 13.25 22 0.388072
13.375 13.25 22.08 0.476865
13.3125 13.25 22.16 0.395285
13.25 13.1875 22.24 0.388072
13.25 13.1875 22.32 0.406079
13.1875 13.125 22.4 0.406079
13.125 13.0625 22.4 0.406079
13.1875 13 22.48 0.406079
13.1875 12.9375 22.48 0.406079
13.25 12.875 22.48 0.406079
13.3125 12.8125 22.48 0.365582
13.375 12.75 22.4 0.406079
13.4375 12.75 22.32 0.424882
13.5 12.6875 22.24 0.424882
13.5625 12.6875 22.24 0.406079
13.625 12.6875 22.16 0.388072
13.6875 12.75 22.08 0.406079
13.75 12.8125 22 0.496009
13.8125 12.8125 22 0.406079
13.875 12.875 21.92 0.406079
13.9375 12.875 21.92 0.406079
14 12.9375 22 0.365582
14.0625 12.9375 22 0.424882
14.125 12.9375 22.08 0.476865
14.1875 12.9375 22.16 0.53033
14.1875 13 22.24 0.53033
14.25 12.9375 22.32 0.53033
14.25 12.9375 22.4 0.450694
14.25 12.9375 22.48 0.450694
14.25 13 22.56 0.53033
14.25 13 22.64 0.450694
14.1875 13 22.72 0.508576
14.1875 13 22.8 0.450694
14.125 13 22.88 0.492976
14.125 13 22.96 0.476865
14.0625 13 23.04 0.476865
14.0625 12.9375 23.12 0.476865
14 12.9375 23.2 0.541202
13.9375 12.9375 23.28 0.476865
13.9375 12.9375 23.36 0.424882
13.875 12.9375 23.44 0.424882
13.8125 12.9375 23.52 0.406079
13.75 12.9375 23.6 0.406079
13.6875 12.9375 23.68 0.406079
13.625 12.9375 23.76 0.406079
13.5625 13 23.84 0.406079
13.5 12.9375 23.84 0.375
13.4375 12.9375 23.92 0.375
13.375 13 24 0.424882
13.3125 13 24.08 0.424882
13.25 13 24.16 0.424882
13.1875 13 24.24 0.424882
13.125 13 24.32 0.388072
13.0625 13 24.4 0.406079
13 12.9375 24.48 0.388072
12.9375 12.9375 24.56 0.424882
12.875 12.9375 24.64 0.388072
12.875 12.9375 24.72 0.406079
12.8125 12.875 24.8 0.322064
12.875 12.8125 24.88 0.296816
12.875 12.75 24.96 0.32
12.8125 12.6875 24.96 0.343548
12.875 12.625 25.04 0.343548
12.875 12.5625 25.12 0.406079
12.9375 12.5 25.2 0.406079
13 12.4375 25.2 0.388072
13.0625 12.4375 25.2 0.48
13.125 12.4375 25.2 0.48
13.1875 12.375 25.2 0.48
13.25 12.375 25.2 0.48
13.3125 12.375 25.2 0.48
13.375 12.375 25.2 0.48
13.4375 12.3125 25.2 0.424882
13.5 12.3125 25.2 0.48
13.5625 12.3125 25.2 0.322064
13.625 12.25 25.2 0.343548
13.6875 12.25 25.12 0.365582
13.75 12.25 25.12 0.406079
13.8125 12.1875 25.12 0.406079
13.875 12.1875 25.12 0.343548
13.9375 12.125 25.12 0.32
14 12.125 25.12 0.32
14.0625 12.0625 25.12 0.32
14.125 12.0625 25.12 0.32
14.1875 12.0625 25.12 0.32
14.25 12 25.12 0.32
14.3125 11.9375 25.12 0.343548
14.375 11.9375 25.12 0.365582
14.4375 11.875 25.2 0.296816
28 180
20 15.6875 18.96 0.395285
20 15.6875 19.04 0.395285
20 15.625 19.12 0.407707
20 15.5625 19.2 0.492976
20 15.5625 19.28 0.476865
19.9375 15.5625 19.36 0.476865
19.9375 15.5 19.44 0.476865
19.875 15.4375 19.52 0.476865
19.8125 15.375 19.6 0.476865
19.75 15.3125 19.68 0.388072
19.6875 15.25 19.76 0.388072
19.6875 15.1875 19.76 0.406079
19.625 15.125 19.84 0.424882
19.5625 15.0625 19.92 0.406079
19.5 15 19.92 0.406079
19.4375 14.9375 20 0.496009
19.375 14.875 20.08 0.406079
19.3125 14.8125 20.08 0.424882
19.25 14.75 20.16 0.406079
19.25 14.6875 20.16 0.476865
19.1875 14.625 20.24 0.424882
19.1875 14.5625 20.24 0.424882
19.125 14.5 20.32 0.424882
19.125 14.4375 20.32 0.424882
19.0625 14.375 20.4 0.424882
19 14.3125 20.48 0.406079
18.9375 14.25 20.56 0.406079
18.9375 14.1875 20.56 0.424882
18.875 14.125 20.64 0.476865
18.8125 14.0625 20.72 0.424882
18.75 14 20.8 0.424882
18.75 13.9375 20.88 0.406079
18.6875 13.875 20.96 0.424882
18.6875 13.8125 21.04 0.424882
18.6875 13.75 21.12 0.424882
18.625 13.6875 21.2 0.476865
18.625 13.625 21.28 0.476865
18.625 13.625 21.36 0.424882
18.5625 13.5625 21.44 0.476865
18.5625 13.5 21.52 0.476865
18.5625 13.5 21.6 0.424882
18.5625 13.4375 21.68 0.476865
18.5625 13.375 21.76 0.476865
18.5625 13.375 21.84 0.424882
18.5625 13.3125 21.92 0.476865
18.5625 13.25 22 0.388072
18.5625 13.25 22.08 0.375
18.625 13.1875 22.16 0.424882
18.625 13.1875 22.24 0.375
18.625 13.125 22.32 0.424882
18.625 13.125 22.4 0.424882
18.6875 13.0625 22.48 0.424882
18.6875 13.0625 22.56 0.406079
18.75 13 22.64 0.388072
18.8125 13 22.72 0.424882
18.8125 13 22.8 0.388072
18.875 13 22.88 0.388072
18.9375 13.0625 22.96 0.476865
18.9375 13.0625 23.04 0.476865
19 13.0625 23.12 0.395285
19 13.0625 23.2 0.476865
19 13.125 23.28 0.450694
19 13.125 23.36 0.450694
19 13.125 23.44 0.450694
19 13.125 23.52 0.450694
19 13.125 23.6 0.395285
19 13.125 23.68 0.450694
18.9375 13.125 23.76 0.426439
18.9375 13.125 23.84 0.478252
18.9375 13.125 23.92 0.53033
18.9375 13.125 24 0.53033
18.9375 13.0625 24.08 0.450694
18.875 13.0625 24.16 0.476865
18.875 13.0625 24.24 0.388072
18.875 13 24.32 0.375
18.875 13 24.4 0.395285
18.875 13 24.48 0.388072
18.875 12.9375 24.56 0.424882
18.875 12.9375 24.64 0.395285
18.875 12.9375 24.72 0.388072
18.875 12.9375 24.8 0.353553
18.9375 12.9375 24.88 0.375
18.9375 12.875 24.96 0.406079
19 12.8125 25.04 0.353553
19 12.8125 25.12 0.343548
19 12.75 25.2 0.296816
19.0625 12.6875 25.28 0.343548
19.0625 12.6875 25.36 0.279508
19 12.625 25.44 0.279508
19.0625 12.5625 25.52 0.343548
19.0625 12.5 25.52 0.32
19 12.4375 25.6 0.343548
18.9375 12.375 25.6 0.424882
18.875 12.3125 25.68 0.424882
18.8125 12.3125 25.68 0.48
18.75 12.3125 25.68 0.48
18.6875 12.25 25.68 0.48
18.625 12.25 25.68 0.48
18.5625 12.25 25.6 0.48
18.5 12.1875 25.6 0.48
18.4375 12.1875 25.6 0.48
18.375 12.125 25.6 0.476865
18.3125 12.125 25.6 0.406079
18.25 12.125 25.52 0.424882
18.1875 12.125 25.52 0.424882
18.125 12.125 25.52 0.406079
18.0625 12.0625 25.44 0.424882
18 12.0625 25.44 0.424882
17.9375 12 25.44 0.424882
17.875 11.9375 25.44 0.343548
17.8125 11.875 25.36 0.343548
17.75 11.875 25.36 0.343548
17.6875 11.875 25.36 0.343548
17.625 11.8125 25.36 0.406079
17.5625 11.8125 25.36 0.406079
17.5 11.8125 25.36 0.406079
17.4375 11.75 25.36 0.406079
17.375 11.6875 25.44 0.406079
17.3125 11.75 25.44 0.406079
17.25 11.6875 25.52 0.322064
17.1875 11.6875 25.6 0.343548
17.125 11.625 25.68 0.343548
17.0625 11.625 25.76 0.296816
17 11.5625 25.76 0.424882
16.9375 11.5625 25.84 0.365582
16.875 11.5 25.92 0.406079
16.875 11.5 26 0.296816
16.9375 11.5 26.08 0.353553
16.9375 11.4375 26.16 0.424882
16.875 11.375 26.24 0.353553
16.875 11.375 26.32 0.343548
16.875 11.3125 26.4 0.296816
16.875 11.25 26.48 0.406079
16.875 11.1875 26.48 0.424882
16.8125 11.125 26.48 0.406079
16.8125 11.0625 26.48 0.406079
16.8125 11 26.48 0.406079
16.8125 10.9375 26.48 0.365582
16.8125 10.875 26.48 0.343548
16.8125 10.8125 26.48 0.32
16.875 10.75 26.48 0.32
16.875 10.6875 26.48 0.25
16.875 10.625 26.4 0.238432
16.9375 10.5625 26.4 0.238432
16.9375 10.5 26.4 0.238432
17 10.4375 26.4 0.203039
17 10.375 26.48 0.176777
17.0625 10.3125 26.48 0.176777
17.125 10.25 26.48 0.25
17.125 10.1875 26.48 0.25
17.1875 10.125 26.48 0.32
17.125 10.0625 26.48 0.32
17.0625 10 26.56 0.203039
17 9.9375 26.64 0.32
16.9375 9.9375 26.64 0.343548
16.875 9.9375 26.64 0.322064
16.8125 10 26.64 0.343548
16.75 10 26.64 0.365582
16.6875 10.0625 26.64 0.365582
16.625 10.125 26.64 0.365582
16.5625 10.125 26.72 0.406079
16.5 10.1875 26.72 0.353553
16.5 10.25 26.72 0.406079
16.5 10.3125 26.8 0.424882
16.5 10.375 26.8 0.424882
16.5 10.4375 26.8 0.406079
16.5 10.5 26.8 0.296816
16.5625 10.5625 26.88 0.32
16.5 10.625 26.88 0.296816
16.5625 10.6875 26.96 0.32
16.5625 10.75 26.96 0.32
16.625 10.8125 26.96 0.343548
16.6875 10.875 27.04 0.32
16.6875 10.9375 27.04 0.343548
16.75 11 27.12 0.296816
16.8125 11.0625 27.2 0.296816
16.875 11.0625 27.28 0.296816
16.9375 11.0625 27.36 0.296816
17 11.0625 27.44 0.279508
17 11.0625 27.52 0.322064
29 59
14.4375 11.875 25.2 0.296816
14.5 11.8125 25.28 0.353553
14.5625 11.8125 25.36 0.296816
14.625 11.75 25.44 0.406079
14.625 11.6875 25.52 0.406079
14.625 11.6875 25.6 0.353553
14.625 11.6875 25.68 0.343548
14.5625 11.625 25.76 0.296816
14.5625 11.5625 25.84 0.322064
14.5625 11.5625 25.92 0.406079
14.5625 11.5625 26 0.296816
14.5 11.5 26.08 0.406079
14.5 11.4375 26.16 0.406079
14.4375 11.375 26.24 0.353553
14.4375 11.3125 26.24 0.406079
14.375 11.25 26.32 0.406079
14.3125 11.1875 26.32 0.424882
14.3125 11.125 26.32 0.48
14.3125 11.0625 26.32 0.48
14.25 11 26.32 0.406079
14.25 10.9375 26.32 0.406079
14.3125 10.875 26.32 0.48
14.25 10.8125 26.24 0.48
14.25 10.75 26.24 0.496009
14.25 10.6875 26.24 0.476865
14.25 10.625 26.24 0.424882
14.3125 10.5625 26.24 0.48
14.3125 10.5 26.24 0.48
14.375 10.4375 26.24 0.48
14.4375 10.375 26.24 0.424882
14.5 10.375 26.32 0.406079
14.5625 10.375 26.32 0.343548
14.625 10.3125 26.4 0.365582
14.6875 10.3125 26.4 0.406079
14.75 10.3125 26.48 0.406079
14.8125 10.375 26.56 0.388072
14.8125 10.375 26.64 0.353553
14.875 10.4375 26.72 0.353553
14.875 10.4375 26.8 0.424882
14.875 10.5 26.88 0.406079
14.9375 10.5625 26.88 0.343548
14.875 10.625 26.96 0.343548
14.875 10.6875 26.96 0.343548
14.875 10.75 27.04 0.343548
14.8125 10.8125 27.12 0.32
14.75 10.875 27.12 0.32
14.6875 10.9375 27.12 0.32
14.6875 11 27.12 0.32
14.625 11.0625 27.12 0.343548
14.5625 11.125 27.12 0.343548
14.5 11.125 27.12 0.353553
14.4375 11.1875 27.12 0.365582
14.375 11.25 27.12 0.365582
14.3125 11.3125 27.12 0.343548
14.25 11.3125 27.12 0.296816
14.1875 11.375 27.2 0.343548
14.125 11.375 27.28 0.32
14.0625 11.375 27.28 0.343548
14 11.375 27.36 0.296816
30 34
17.0625 11.0625 27.6 0.406079
17.125 11.0625 27.6 0.279508
17.1875 11.125 27.68 0.238432
17.25 11.0625 27.76 0.203039
17.3125 11.125 27.76 0.203039
17.375 11.0625 27.76 0.203039
17.4375 11.0625 27.84 0.203039
17.5 11.0625 27.84 0.203039
17.5625 11.0625 27.92 0.16
17.625 11.0625 27.92 0.203039
17.6875 11 27.92 0.203039
17.75 11 27.92 0.203039
17.8125 11.0625 28 0.16
17.875 11.0625 28 0.16
17.9375 11.0625 28 0.203039
18 11 28 0.238432
18.0625 11.0625 28 0.203039
18.125 11.0625 28 0.203039
18.1875 11.0625 28.08 0.16
18.25 11.0625 28.08 0.16
18.3125 11.125 28.08 0.125
18.375 11.0625 28.08 0.16
18.4375 11 28 0.238432
18.5 10.9375 28 0.32
18.5625 10.9375 28 0.343548
18.625 10.9375 28 0.32
18.6875 10.9375 28.08 0.32
18.75 10.875 28.08 0.32
18.8125 10.8125 28.08 0.32
18.875 10.8125 28.08 0.32
18.9375 10.75 28.08 0.32
19 10.6875 28.08 0.32
19.0625 10.6875 28.08 0.32
19.125 10.625 28.08 0.238432
31 24
17 11.0625 27.6 0.353553
16.9375 11.0625 27.68 0.296816
16.875 11.0625 27.76 0.32
16.8125 11.0625 27.76 0.238432
16.75 11.0625 27.76 0.203039
16.6875 11.125 27.84 0.16
16.625 11.1875 27.84 0.16
16.5625 11.1875 27.84 0.16
16.5 11.1875 27.84 0.16
16.4375 11.1875 27.84 0.16
16.375 11.1875 27.84 0.125
16.3125 11.125 27.84 0.16
16.25 11.125 27.84 0.16
16.1875 11.125 27.84 0.16
16.125 11.125 27.84 0.16
16.0625 11.125 27.84 0.16
16 11.0625 27.84 0.16
15.9375 11 27.84 0.238432
15.875 11 27.84 0.238432
15.8125 11 27.92 0.203039
15.75 11 27.92 0.238432
15.6875 11 28 0.176777
15.625 10.9375 28.08 0.238432
15.5625 10.875 28.16 0.279508
32 16
13.9375 11.375 27.36 0.322064
13.875 11.375 27.36 0.343548
13.8125 11.375 27.36 0.32
13.75 11.375 27.36 0.238432
13.6875 11.3125 27.44 0.203039
13.625 11.3125 27.44 0.203039
13.5625 11.25 27.44 0.16
13.5 11.1875 27.36 0.203039
13.4375 11.1875 27.36 0.203039
13.375 11.1875 27.36 0.203039
13.3125 11.125 27.44 0.203039
13.25 11.125 27.44 0.203039
13.1875 11.125 27.44 0.203039
13.125 11.0625 27.44 0.238432
13.0625 11.0625 27.44 0.25
13 11.0625 27.44 0.32
33 23
14 11.375 27.44 0.25
14 11.4375 27.52 0.203039
14.0625 11.375 27.6 0.238432
14.125 11.4375 27.68 0.203039
14.1875 11.375 27.68 0.238432
14.25 11.375 27.68 0.203039
14.3125 11.4375 27.76 0.125
14.375 11.375 27.76 0.203039
14.4375 11.375 27.76 0.203039
14.5 11.375 27.84 0.203039
14.5625 11.4375 27.84 0.203039
14.625 11.4375 27.84 0.203039
14.6875 11.4375 27.84 0.203039
14.75 11.4375 27.92 0.203039
14.8125 11.4375 27.92 0.203039
14.875 11.4375 28 0.16
14.9375 11.375 28 0.176777
15 11.375 28 0.203039
15.0625 11.375 28.08 0.203039
15.125 11.3125 28.16 0.176777
15.1875 11.25 28.24 0.203039
15.25 11.1875 28.32 0.238432
15.25 11.125 28.4 0.238432
34 18
19.125 10.625 28.08 0.238432
19.0625 10.5625 28.08 0.238432
19.0625 10.5 28.08 0.203039
19.125 10.4375 28.16 0.125
19.0625 10.375 28.16 0.16
19.0625 10.3125 28.16 0.16
19.125 10.25 28.16 0.16
19.125 10.1875 28.16 0.125
19.0625 10.125 28.24 0.16
19.125 10.0625 28.24 0.16
19.1875 10 28.24 0.16
19.25 9.9375 28.32 0.16
19.3125 9.875 28.4 0.16
19.375 9.875 28.4 0.16
19.4375 9.8125 28.4 0.16
19.5 9.8125 28.48 0.125
19.5625 9.8125 28.48 0.125
19.625 9.8125 28.48 0.125
35 17
19.125 10.625 28.08 0.238432
19.1875 10.625 28.08 0.203039
19.25 10.625 28.08 0.203039
19.3125 10.625 28.08 0.203039
19.375 10.625 28.08 0.203039
19.4375 10.625 28.08 0.203039
19.5 10.6875 28.08 0.16
19.5625 10.75 28.08 0.16
19.625 10.8125 28.08 0.16
19.6875 10.875 28.08 0.125
19.75 10.9375 28.08 0.16
19.8125 11 28.08 0.16
19.875 11.0625 28.16 0.125
19.9375 11.125 28.16 0.203039
19.9375 11.1875 28.24 0.203039
20 11.25 28.32 0.125
20 11.3125 28.4 0.125
36 38
15.5625 10.875 28.16 0.279508
15.5625 10.8125 28.24 0.238432
15.625 10.75 28.24 0.238432
15.6875 10.6875 28.24 0.203039
15.75 10.625 28.32 0.16
15.75 10.5625 28.32 0.203039
15.75 10.5 28.32 0.203039
15.75 10.4375 28.4 0.203039
15.75 10.375 28.48 0.176777
15.8125 10.375 28.56 0.16
15.875 10.3125 28.56 0.16
15.8125 10.25 28.56 0.203039
15.875 10.1875 28.64 0.16
15.8125 10.125 28.64 0.203039
15.875 10.0625 28.64 0.203039
15.9375 10 28.72 0.16
15.875 9.9375 28.72 0.203039
15.9375 9.875 28.8 0.16
15.9375 9.8125 28.8 0.16
15.875 9.75 28.8 0.16
15.875 9.6875 28.8 0.203039
15.875 9.625 28.88 0.16
15.875 9.5625 28.88 0.16
15.875 9.5 28.96 0.16
15.875 9.4375 28.96 0.125
15.8125 9.375 28.96 0.125
15.8125 9.3125 29.04 0.16
15.8125 9.25 29.04 0.16
15.8125 9.1875 29.12 0.16
15.8125 9.125 29.12 0.16
15.8125 9.0625 29.12 0.16
15.8125 9 29.12 0.16
15.8125 8.9375 29.12 0.16
15.8125 8.875 29.12 0.125
15.75 8.8125 29.12 0.16
15.75 8.75 29.12 0.16
15.75 8.6875 29.12 0.16
15.6875 8.625 29.12 0.16
37 6
15.5625 10.875 28.16 0.279508
15.5 10.9375 28.24 0.238432
15.4375 11 28.32 0.203039
15.375 11 28.32 0.238432
15.3125 11.0625 28.4 0.176777
15.25 11.125 28.4 0.238432
38 71
12.9375 11.0625 27.36 0.32
12.875 11.0625 27.28 0.203039
12.8125 11 27.2 0.203039
12.75 10.9375 27.12 0.238432
12.75 10.875 27.04 0.203039
12.6875 10.8125 26.96 0.203039
12.625 10.75 26.88 0.203039
12.625 10.6875 26.8 0.203039
12.625 10.625 26.8 0.203039
12.5625 10.5625 26.72 0.203039
12.5625 10.5 26.72 0.238432
12.5625 10.4375 26.72 0.203039
12.5625 10.375 26.72 0.203039
12.5 10.3125 26.72 0.238432
12.4375 10.25 26.72 0.176777
12.375 10.25 26.8 0.125
12.3125 10.1875 26.8 0.125
12.25 10.125 26.88 0.16
12.1875 10.125 26.88 0.16
12.125 10.0625 26.88 0.203039
12.0625 10.125 26.96 0.16
12 10.0625 26.96 0.203039
11.9375 10.0625 26.96 0.176777
11.875 10.125 27.04 0.203039
11.875 10.1875 27.12 0.16
11.8125 10.25 27.12 0.16
11.75 10.25 27.12 0.203039
11.6875 10.3125 27.2 0.203039
11.6875 10.375 27.28 0.16
11.625 10.4375 27.28 0.16
11.625 10.5 27.28 0.16
11.5625 10.5625 27.28 0.16
11.5 10.625 27.28 0.16
11.5 10.6875 27.28 0.16
11.4375 10.75 27.28 0.16
11.4375 10.8125 27.28 0.16
11.375 10.875 27.28 0.16
11.375 10.9375 27.28 0.16
11.3125 11 27.28 0.16
11.3125 11.0625 27.28 0.16
11.3125 11.125 27.28 0.16
11.3125 11.1875 27.28 0.16
11.3125 11.25 27.28 0.16
11.3125 11.3125 27.28 0.16
11.3125 11.375 27.28 0.16
11.25 11.4375 27.28 0.16
11.25 11.5 27.28 0.16
11.25 11.5625 27.28 0.16
11.1875 11.625 27.28 0.16
11.1875 11.6875 27.28 0.16
11.125 11.75 27.28 0.203039
11.125 11.8125 27.36 0.16
11.125 11.875 27.36 0.16
11.125 11.9375 27.44 0.125
11.125 12 27.44 0.16
11.125 12.0625 27.44 0.16
11.125 12.125 27.52 0.125
11.125 12.1875 27.6 0.125
11.125 12.25 27.6 0.16
11.125 12.3125 27.6 0.203039
11.1875 12.375 27.68 0.16
11.25 12.4375 27.76 0.125
11.25 12.5 27.84 0.125
11.1875 12.5625 27.76 0.203039
11.25 12.625 27.84 0.16
11.25 12.6875 27.92 0.125
11.25 12.75 27.92 0.16
11.1875 12.8125 27.92 0.203039
11.1875 12.875 28 0.203039
11.25 12.9375 28.08 0.125
11.25 13 28.08 0.125
39 12
12.6875 10.4375 27.36 0.176777
12.6875 10.5 27.44 0.125
12.6875 10.5 27.52 0.176777
12.75 10.5625 27.6 0.16
12.75 10.625 27.68 0.203039
12.75 10.6875 27.68 0.203039
12.8125 10.75 27.76 0.16
12.8125 10.8125 27.76 0.16
12.875 10.875 27.68 0.16
12.8125 10.9375 27.6 0.203039
12.875 11 27.52 0.203039
12.9375 11.0625 27.44 0.32
40 36
15.25 11.125 28.4 0.238432
15.1875 11.0625 28.48 0.296816
15.1875 11 28.56 0.238432
15.125 10.9375 28.64 0.238432
15.0625 10.875 28.64 0.25
15.125 10.8125 28.72 0.203039
15.0625 10.75 28.72 0.32
15.0625 10.6875 28.8 0.203039
15.0625 10.625 28.8 0.238432
15.0625 10.5625 28.8 0.32
15.0625 10.5 28.8 0.238432
15.0625 10.4375 28.88 0.203039
15.0625 10.375 28.88 0.203039
15.0625 10.3125 28.88 0.238432
15.0625 10.25 28.88 0.25
15.0625 10.1875 28.88 0.32
15.0625 10.125 28.88 0.32
15.0625 10.0625 28.88 0.25
15.0625 10 28.88 0.32
15.0625 9.9375 28.88 0.32
15.0625 9.875 28.88 0.25
15.0625 9.8125 28.88 0.238432
15.125 9.75 28.96 0.203039
15.125 9.6875 28.96 0.203039
15.125 9.625 28.96 0.238432
15.125 9.5625 28.96 0.238432
15.1875 9.5 28.96 0.203039
15.1875 9.4375 29.04 0.203039
15.1875 9.375 29.04 0.203039
15.25 9.3125 29.04 0.203039
15.3125 9.25 29.12 0.16
15.25 9.1875 29.12 0.203039
15.25 9.125 29.12 0.238432
15.3125 9.0625 29.2 0.203039
15.25 9 29.2 0.238432
15.3125 8.9375 29.28 0.238432
