31 0
1 36
14.25 13.4375 0.08 0.16
14.3125 13.5 0.16 0.32
14.375 13.5625 0.24 0.48
14.4375 13.625 0.32 0.64
14.5 13.6875 0.4 0.8
14.5625 13.75 0.48 0.96
14.625 13.8125 0.56 1.12
14.6875 13.875 0.64 1.28
14.75 13.9375 0.72 1.44
14.6875 13.875 0.8 1.6
14.625 13.8125 0.88 1.76
14.5625 13.75 0.96 1.92
14.5 13.6875 1.04 2.08
14.4375 13.625 1.12 2.24
14.375 13.5625 1.2 2.4
14.3125 13.625 1.28 2.56
14.25 13.6875 1.36 2.51536
14.1875 13.75 1.44 2.51846
14.1875 13.8125 1.44 2.88
14.1875 13.875 1.52 2.71825
14.25 13.9375 1.52 2.8453
14.25 14 1.6 2.80315
14.25 14.0625 1.6 3.04559
14.25 14.125 1.68 3.04816
14.25 14.1875 1.68 3.36
14.25 14.25 1.76 3.24863
14.25 14.3125 1.84 3.24863
14.3125 14.375 1.92 3.24863
14.375 14.4375 2 3.1266
14.3125 14.4375 2.08 3.1241
14.3125 14.5 2.16 3.03596
14.3125 14.5625 2.24 2.9946
14.375 14.625 2.32 3.24863
14.375 14.6875 2.4 3.24863
14.4375 14.75 2.48 3.1241
14.5 14.8125 2.56 2.97618
2 16
14.5 14.8125 2.56 2.97618
14.5625 14.875 2.56 3.10098
14.625 14.9375 2.56 3.04559
14.625 15 2.56 2.97027
14.5625 15.0625 2.64 2.90431
14.625 15.125 2.64 2.88542
14.6875 15.1875 2.64 2.88
14.75 15.1875 2.64 2.88
14.8125 15.25 2.64 2.76735
14.875 15.3125 2.72 2.74288
14.9375 15.375 2.72 2.69585
14.9375 15.4375 2.8 2.63519
15 15.5 2.88 2.52995
15.0625 15.5625 2.88 2.69585
15.125 15.625 2.96 2.62835
15.1875 15.6875 2.96 2.73146
3 68
14.5 14.8125 2.56 2.97618
14.4375 14.8125 2.64 2.86664
14.4375 14.8125 2.72 2.79768
14.375 14.75 2.8 2.67199
14.375 14.8125 2.88 2.51818
14.375 14.75 2.96 2.50664
14.3125 14.75 3.04 2.28004
14.3125 14.6875 3.12 2.11342
14.3125 14.6875 3.2 2.16234
14.25 14.6875 3.28 1.85818
14.1875 14.75 3.36 1.91095
14.25 14.6875 3.44 1.804
14.1875 14.75 3.52 1.67836
14.125 14.8125 3.6 1.56616
14.1875 14.75 3.68 1.49991
14.1875 14.75 3.76 1.4029
14.1875 14.75 3.84 1.43059
14.125 14.8125 3.92 1.26219
14.125 14.875 4 1.10788
14.125 14.875 4.08 1.07266
14.1875 14.8125 4.16 1.06066
14.1875 14.8125 4.24 1.13165
14.25 14.8125 4.32 1.06066
14.25 14.8125 4.4 1.09126
14.25 14.875 4.48 1.09126
14.1875 14.9375 4.56 1.00581
14.25 14.9375 4.64 1.06066
14.25 15 4.72 0.976281
14.3125 14.9375 4.8 1.06066
14.3125 14.9375 4.88 1.06066
14.375 14.9375 4.96 1.06066
14.375 15 5.04 1.06066
14.375 15 5.12 1.06066
14.4375 15 5.2 0.989305
14.4375 15 5.28 1.06066
14.4375 15 5.36 1.06066
14.5 15.0625 5.44 1.06066
14.5 15.0625 5.52 1.06066
14.5 15 5.6 1.06066
14.5625 15.0625 5.68 0.976281
14.5625 15.0625 5.76 0.976281
14.5625 15.0625 5.84 1.06066
14.5625 15 5.92 1.06066
14.5625 15 6 0.976281
14.5625 15 6.08 0.976281
14.5625 15 6.16 0.976281
14.5625 15 6.24 0.976281
14.5625 15 6.32 0.976281
14.5625 15 6.4 0.976281
14.5625 14.9375 6.48 1.09126
14.5625 14.9375 6.56 1.06066
14.5625 14.875 6.64 1.06066
14.5625 14.875 6.72 1.06066
14.5 14.875 6.8 1.06066
14.4375 14.875 6.88 0.976281
14.4375 14.8125 6.96 1.08224
14.375 14.8125 7.04 1.10369
14.3125 14.75 7.12 1.14552
14.3125 14.6875 7.2 1.14552
14.25 14.6875 7.28 1.14552
14.1875 14.625 7.36 1.13165
14.125 14.6875 7.36 1.09659
14.0625 14.625 7.44 1.13165
14 14.625 7.52 1.21824
13.9375 14.5625 7.6 1.21824
13.875 14.5 7.68 1.21824
13.8125 14.5625 7.68 1.19216
13.75 14.5625 7.76 1.06066
4 160
15.1875 15.6875 2.96 2.73146
15.25 15.625 2.96 2.63951
15.3125 15.5625 3.04 2.60837
15.375 15.5 3.12 2.48005
15.375 15.5 3.2 2.32556
15.375 15.5 3.28 2.17187
15.375 15.5 3.36 2.01916
15.375 15.5 3.44 1.86768
15.375 15.4375 3.52 1.75317
15.3125 15.4375 3.6 1.54253
15.375 15.375 3.68 1.43059
15.4375 15.3125 3.76 1.32853
15.375 15.375 3.84 1.19231
15.375 15.3125 3.92 1.09126
15.375 15.3125 4 1.00581
15.375 15.3125 4.08 0.940027
15.4375 15.25 4.16 0.898248
15.375 15.3125 4.24 0.883883
15.375 15.3125 4.32 0.854634
15.375 15.3125 4.4 0.776144
15.375 15.3125 4.48 0.724983
15.375 15.3125 4.56 0.707107
15.375 15.375 4.64 0.707107
15.3125 15.4375 4.72 0.707107
15.375 15.375 4.8 0.707107
15.375 15.4375 4.88 0.707107
15.3125 15.5 4.96 0.625
15.3125 15.5 5.04 0.625
15.375 15.5 5.12 0.693109
15.3125 15.5625 5.2 0.715297
15.3125 15.5625 5.28 0.619395
15.375 15.625 5.36 0.658426
15.375 15.625 5.44 0.619395
15.375 15.6875 5.52 0.658426
15.4375 15.6875 5.6 0.621812
15.4375 15.75 5.68 0.619395
15.4375 15.8125 5.76 0.619395
15.5 15.8125 5.84 0.658426
15.5 15.8125 5.92 0.619395
15.5625 15.875 6 0.658426
15.5625 15.9375 6.08 0.619395
15.625 15.9375 6.16 0.619395
15.625 16 6.24 0.621812
15.6875 16 6.32 0.619395
15.75 16.0625 6.4 0.658426
15.75 16.0625 6.48 0.596154
15.8125 16.125 6.56 0.619395
15.875 16.125 6.64 0.658426
15.875 16.1875 6.72 0.55394
15.9375 16.1875 6.8 0.621812
15.9375 16.1875 6.88 0.619395
16 16.1875 6.96 0.619395
16 16.1875 7.04 0.55394
16.0625 16.25 7.12 0.619395
16.0625 16.1875 7.2 0.55394
16.125 16.1875 7.28 0.552743
16.125 16.1875 7.36 0.55394
16.1875 16.1875 7.44 0.621812
16.1875 16.1875 7.52 0.55394
16.1875 16.25 7.6 0.524976
16.25 16.1875 7.68 0.524976
16.25 16.1875 7.76 0.658426
16.3125 16.125 7.84 0.552743
16.3125 16.125 7.92 0.658426
16.3125 16.0625 8 0.55394
16.3125 16.0625 8.08 0.55394
16.375 16 8.16 0.552743
16.375 16 8.24 0.619395
16.375 15.9375 8.32 0.621812
16.375 15.9375 8.4 0.552743
16.375 15.875 8.48 0.552743
16.375 15.875 8.56 0.55394
16.375 15.875 8.64 0.53033
16.375 15.8125 8.72 0.621812
16.375 15.8125 8.8 0.55394
16.375 15.75 8.88 0.619395
16.375 15.75 8.96 0.55394
16.375 15.6875 9.04 0.55394
16.375 15.6875 9.12 0.619395
16.375 15.6875 9.2 0.559017
16.375 15.6875 9.28 0.55394
16.375 15.625 9.36 0.55394
16.3125 15.625 9.44 0.619395
16.3125 15.625 9.52 0.715297
16.3125 15.625 9.6 0.625
16.3125 15.625 9.68 0.625
16.3125 15.625 9.76 0.625
16.3125 15.625 9.84 0.559017
16.3125 15.625 9.92 0.559017
16.3125 15.625 10 0.619395
16.3125 15.625 10.08 0.55394
16.3125 15.625 10.16 0.53033
16.3125 15.625 10.24 0.53033
16.3125 15.625 10.32 0.53033
16.3125 15.625 10.4 0.53033
16.3125 15.6875 10.48 0.53033
16.3125 15.6875 10.56 0.53033
16.3125 15.6875 10.64 0.53033
16.3125 15.6875 10.72 0.450694
16.3125 15.75 10.8 0.53033
16.3125 15.75 10.88 0.53033
16.3125 15.75 10.96 0.450694
16.3125 15.75 11.04 0.395285
16.375 15.8125 11.12 0.476865
16.375 15.8125 11.2 0.450694
16.375 15.8125 11.28 0.426439
16.375 15.875 11.36 0.450694
16.375 15.875 11.44 0.450694
16.375 15.875 11.52 0.450694
16.375 15.875 11.6 0.476865
16.375 15.9375 11.68 0.407707
16.4375 15.9375 11.76 0.476865
16.4375 15.9375 11.84 0.450694
16.4375 15.875 11.92 0.450694
16.4375 15.875 12 0.395285
16.4375 15.9375 12.08 0.395285
16.4375 15.9375 12.16 0.450694
16.4375 15.9375 12.24 0.426439
16.5 15.9375 12.32 0.450694
16.5 15.9375 12.4 0.450694
16.5 15.9375 12.48 0.450694
16.5 15.875 12.56 0.450694
16.5 15.875 12.64 0.450694
16.5 15.875 12.72 0.450694
16.5 15.875 12.8 0.450694
16.5625 15.875 12.88 0.492976
16.5 15.8125 12.96 0.450694
16.5625 15.8125 13.04 0.450694
16.5625 15.8125 13.12 0.53033
16.5625 15.75 13.2 0.492976
16.5625 15.75 13.28 0.450694
16.5625 15.75 13.36 0.450694
16.5625 15.75 13.44 0.476865
16.5625 15.6875 13.52 0.450694
16.625 15.6875 13.6 0.395285
16.5625 15.625 13.68 0.450694
16.5625 15.625 13.76 0.476865
16.625 15.625 13.84 0.407707
16.625 15.5625 13.92 0.492976
16.625 15.5 14 0.450694
16.625 15.5 14.08 0.476865
16.6875 15.5 14.16 0.476865
16.6875 15.4375 14.24 0.53033
16.6875 15.375 14.32 0.450694
16.75 15.375 14.4 0.492976
16.75 15.3125 14.48 0.492976
16.8125 15.3125 14.56 0.492976
16.8125 15.25 14.64 0.450694
16.875 15.25 14.72 0.492976
16.875 15.1875 14.8 0.53033
16.9375 15.1875 14.88 0.476865
16.9375 15.125 14.96 0.450694
17 15.125 15.04 0.492976
17 15.0625 15.12 0.478252
17.0625 15.0625 15.2 0.53033
17.125 15.0625 15.28 0.492976
17.125 15 15.36 0.492976
17.125 15 15.44 0.53033
17.1875 15 15.52 0.621812
17.25 14.9375 15.6 0.621812
5 25
15.1875 15.6875 2.96 2.73146
15.1875 15.75 2.96 2.72287
15.25 15.8125 2.96 2.72
15.25 15.875 2.96 2.56445
15.3125 15.9375 2.96 2.4934
15.375 16 3.04 2.56305
15.4375 16.0625 3.04 2.57218
15.5 16.125 3.12 2.56
15.5625 16.1875 3.12 2.56305
15.625 16.25 3.12 2.42992
15.6875 16.25 3.12 2.56305
15.75 16.3125 3.2 2.45153
15.8125 16.375 3.2 2.5661
15.875 16.375 3.2 2.56305
15.9375 16.4375 3.28 2.42671
15.9375 16.5 3.28 2.4934
15.9375 16.5625 3.28 2.57218
16 16.625 3.36 2.42671
16.0625 16.6875 3.36 2.4934
16.0625 16.75 3.36 2.5661
16.125 16.8125 3.44 2.4934
16.1875 16.875 3.44 2.56445
16.25 16.9375 3.44 2.72
16.3125 17 3.52 2.51536
16.375 17.0625 3.52 2.63951
6 42
13.75 14.5625 7.76 1.06066
13.6875 14.625 7.68 1.14552
13.625 14.625 7.68 1.14552
13.5625 14.625 7.68 1.04553
13.5 14.6875 7.68 1.0152
13.4375 14.75 7.68 1.12
13.375 14.8125 7.68 1.12
13.3125 14.875 7.68 1.12
13.25 14.9375 7.68 1.0152
13.1875 15 7.68 0.951643
13.1875 15.0625 7.68 0.992018
13.125 15.125 7.68 0.968104
13.0625 15.1875 7.68 0.96
13 15.25 7.68 0.96
12.9375 15.3125 7.68 0.849765
12.9375 15.375 7.68 0.838153
12.9375 15.4375 7.76 0.838153
12.875 15.5 7.76 0.849765
12.875 15.5625 7.76 0.96
12.875 15.625 7.76 0.821721
12.8125 15.6875 7.84 0.809707
12.75 15.75 7.84 0.838153
12.75 15.8125 7.84 0.821721
12.6875 15.875 7.92 0.812158
12.6875 15.9375 7.92 0.821721
12.625 16 8 0.812158
12.5625 16.0625 8.08 0.821721
12.5625 16.125 8.08 0.849765
12.5 16.1875 8.16 0.894553
12.5 16.25 8.24 0.894553
12.4375 16.25 8.32 0.800391
12.375 16.3125 8.4 0.800391
12.3125 16.375 8.48 0.800391
12.3125 16.4375 8.56 0.894553
12.25 16.4375 8.64 0.883883
12.1875 16.4375 8.72 0.816226
12.125 16.5 8.8 1.0152
12.0625 16.5625 8.88 1.0152
12 16.5625 8.96 1.02286
11.9375 16.5625 9.04 1.02286
11.875 16.5625 9.12 1.02286
11.8125 16.625 9.2 0.943398
7 109
13.75 14.5625 7.76 1.06066
13.75 14.5 7.84 0.901388
13.75 14.5 7.92 0.95373
13.75 14.5 8 0.88353
13.6875 14.4375 8.08 0.812158
13.625 14.4375 8.16 0.625
13.625 14.4375 8.24 0.658426
13.5625 14.4375 8.32 0.593633
13.5 14.4375 8.4 0.609118
13.4375 14.4375 8.48 0.609118
13.375 14.4375 8.48 0.609118
13.3125 14.5 8.56 0.609118
13.25 14.5 8.64 0.609118
13.1875 14.5 8.64 0.621812
13.125 14.5 8.72 0.609118
13.0625 14.5 8.72 0.609118
13 14.5625 8.8 0.55545
12.9375 14.5625 8.8 0.609118
12.875 14.5625 8.88 0.609118
12.8125 14.5625 8.88 0.609118
12.75 14.625 8.96 0.609118
12.6875 14.625 8.96 0.609118
12.625 14.6875 9.04 0.609118
12.5625 14.75 9.12 0.609118
12.5 14.6875 9.12 0.609118
12.4375 14.75 9.2 0.621812
12.375 14.75 9.28 0.609118
12.3125 14.8125 9.36 0.658426
12.25 14.875 9.44 0.693109
12.1875 14.9375 9.52 0.715297
12.1875 15 9.6 0.593633
12.125 15 9.68 0.619395
12.125 15.0625 9.76 0.619395
12.125 15.125 9.84 0.715297
12.125 15.1875 9.92 0.715297
12.125 15.25 10 0.715297
12.125 15.25 10.08 0.619395
12.125 15.3125 10.16 0.619395
12.125 15.3125 10.24 0.658426
12.125 15.375 10.32 0.619395
12.125 15.4375 10.4 0.715297
12.125 15.4375 10.48 0.619395
12.1875 15.5 10.56 0.658426
12.1875 15.5 10.64 0.619395
12.25 15.5625 10.72 0.658426
12.25 15.5625 10.8 0.658426
12.25 15.625 10.88 0.658426
12.3125 15.625 10.96 0.658426
12.3125 15.625 11.04 0.619395
12.375 15.6875 11.12 0.658426
12.375 15.6875 11.2 0.619395
12.4375 15.6875 11.28 0.658426
12.4375 15.6875 11.36 0.619395
12.5 15.75 11.44 0.619395
12.5 15.75 11.52 0.55394
12.5625 15.75 11.6 0.619395
12.5625 15.75 11.68 0.55394
12.625 15.6875 11.76 0.55394
12.625 15.6875 11.84 0.55394
12.6875 15.6875 11.92 0.658426
12.6875 15.6875 12 0.625
12.6875 15.6875 12.08 0.559017
12.75 15.6875 12.16 0.55394
12.75 15.625 12.24 0.619395
12.75 15.625 12.32 0.619395
12.8125 15.5625 12.4 0.619395
12.8125 15.5625 12.48 0.715297
12.8125 15.5625 12.56 0.619395
12.8125 15.5625 12.64 0.55394
12.8125 15.5 12.72 0.619395
12.8125 15.5 12.8 0.593633
12.8125 15.4375 12.88 0.619395
12.8125 15.4375 12.96 0.619395
12.8125 15.4375 13.04 0.55394
12.8125 15.375 13.12 0.619395
12.8125 15.375 13.2 0.593633
12.8125 15.3125 13.28 0.55394
12.8125 15.3125 13.36 0.552743
12.75 15.3125 13.44 0.55394
12.75 15.25 13.52 0.621812
12.75 15.25 13.6 0.621812
12.75 15.1875 13.68 0.621812
12.6875 15.1875 13.76 0.619395
12.75 15.125 13.84 0.53033
12.6875 15.125 13.92 0.619395
12.6875 15.125 14 0.524976
12.6875 15.0625 14.08 0.619395
12.625 15.0625 14.16 0.55394
12.625 15 14.24 0.524976
12.625 15 14.32 0.621812
12.625 14.9375 14.4 0.609118
12.5625 14.9375 14.48 0.515388
12.5625 14.875 14.56 0.552743
12.5625 14.875 14.64 0.619395
12.5625 14.8125 14.72 0.55394
12.5625 14.8125 14.8 0.596154
12.5 14.8125 14.88 0.609118
12.5 14.75 14.96 0.55394
12.4375 14.75 15.04 0.53033
12.5 14.6875 15.12 0.621812
12.4375 14.6875 15.2 0.609118
12.4375 14.625 15.28 0.55394
12.4375 14.625 15.36 0.524976
12.4375 14.5625 15.44 0.55394
12.375 14.5625 15.52 0.552743
12.375 14.5625 15.6 0.55394
12.375 14.5 15.68 0.619395
12.375 14.5 15.76 0.715297
12.375 14.4375 15.84 0.693109
8 46
17.25 14.9375 15.6 0.621812
17.25 14.875 15.6 0.492976
17.25 14.8125 15.6 0.406079
17.25 14.75 15.6 0.343548
17.25 14.6875 15.6 0.32
17.25 14.625 15.6 0.32
17.1875 14.5625 15.68 0.32
17.25 14.5 15.76 0.203039
17.25 14.4375 15.76 0.238432
17.25 14.375 15.84 0.343548
17.25 14.3125 15.92 0.322064
17.3125 14.3125 16 0.353553
17.375 14.3125 16.08 0.406079
17.375 14.3125 16.16 0.296816
17.4375 14.3125 16.24 0.353553
17.4375 14.3125 16.32 0.353553
17.5 14.375 16.4 0.279508
17.5625 14.375 16.48 0.353553
17.5625 14.375 16.56 0.296816
17.625 14.375 16.64 0.279508
17.625 14.4375 16.72 0.296816
17.6875 14.4375 16.8 0.279508
17.6875 14.5 16.88 0.296816
17.6875 14.4375 16.96 0.25
17.75 14.5 17.04 0.25
17.8125 14.5 17.12 0.238432
17.8125 14.5 17.2 0.25
17.8125 14.5 17.28 0.25
17.875 14.5 17.36 0.25
17.9375 14.4375 17.44 0.279508
17.9375 14.4375 17.52 0.279508
17.9375 14.375 17.6 0.279508
17.9375 14.375 17.68 0.343548
17.9375 14.3125 17.76 0.343548
17.9375 14.25 17.84 0.343548
18 14.1875 17.92 0.32
17.9375 14.125 17.92 0.343548
17.9375 14.0625 18 0.238432
17.9375 14 18 0.343548
17.9375 13.9375 18.08 0.32
17.9375 13.875 18.08 0.32
17.875 13.8125 18.08 0.32
17.875 13.75 18.08 0.32
17.8125 13.6875 18.16 0.32
17.8125 13.625 18.16 0.32
17.8125 13.5625 18.16 0.32
9 13
17.25 14.9375 15.6 0.621812
17.3125 15 15.68 0.559017
17.3125 15 15.76 0.593633
17.375 15 15.84 0.619395
17.375 15 15.92 0.621812
17.4375 15 16 0.515388
17.5 15 16.08 0.5
17.5 14.9375 16.16 0.508576
17.5625 15 16.24 0.53033
17.5625 15 16.32 0.508576
17.625 15 16.4 0.450694
17.625 15 16.48 0.476865
17.6875 15 16.56 0.476865
10 66
17.5 20.8125 1.52 2.51536
17.5 20.75 1.6 2.2981
17.5 20.75 1.68 2.56445
17.5 20.6875 1.76 2.21148
17.5 20.625 1.84 2.12735
17.5 20.625 1.92 2.43647
17.5 20.5625 2 2.04113
17.5 20.5625 2.08 2.36157
17.5625 20.5 2.16 2.31249
17.5625 20.4375 2.24 2.0927
17.5625 20.375 2.32 2.23693
17.5625 20.375 2.4 2.23343
17.5625 20.3125 2.48 2.23343
17.5 20.3125 2.56 2.15873
17.5 20.25 2.64 2.06473
17.5625 20.1875 2.72 2.04573
17.5 20.125 2.8 2.04573
17.4375 20.0625 2.88 2.03039
17.375 20 2.96 2.03039
17.375 19.9375 3.04 2.03039
17.3125 19.875 3.04 2.03039
17.375 19.8125 3.12 1.95991
17.3125 19.75 3.12 2.03039
17.375 19.6875 3.2 2.03039
17.375 19.625 3.2 2.01916
17.375 19.5625 3.28 2.04573
17.3125 19.5 3.28 2.06473
17.3125 19.4375 3.28 2.04573
17.3125 19.375 3.36 2.24
17.3125 19.3125 3.36 2.24
17.3125 19.25 3.36 2.24
17.3125 19.1875 3.36 2.24
17.375 19.125 3.36 2.24
17.375 19.0625 3.36 2.24
17.375 19 3.36 2.24
17.375 18.9375 3.36 2.11353
17.3125 18.875 3.44 2.24
17.25 18.8125 3.44 2.24
17.25 18.75 3.44 2.24
17.25 18.6875 3.44 2.24
17.25 18.625 3.44 2.24
17.25 18.5625 3.44 2.24
17.25 18.5 3.44 2.24
17.25 18.4375 3.44 2.24
17.1875 18.375 3.44 2.24
17.1875 18.3125 3.44 2.24
17.125 18.25 3.44 2.24
17.125 18.1875 3.44 2.24
17.0625 18.125 3.44 2.24
17 18.0625 3.44 2.24
16.9375 18 3.44 2.24696
16.9375 17.9375 3.44 2.4
16.9375 17.875 3.44 2.4
16.9375 17.8125 3.44 2.4
16.9375 17.75 3.44 2.4
16.875 17.6875 3.44 2.4
16.8125 17.625 3.44 2.4
16.75 17.5625 3.52 2.29513
16.6875 17.5625 3.52 2.29513
16.625 17.5 3.52 2.32556
16.5625 17.4375 3.52 2.36475
16.5 17.375 3.52 2.32123
16.5 17.3125 3.52 2.38432
16.5 17.25 3.52 1.98424
16.4375 17.1875 3.52 2.38432
16.375 17.125 3.52 2.72
11 77
16.4375 17.0625 3.6 2.03593
16.4375 17.125 3.68 2.43647
16.4375 17.125 3.76 2.36157
16.4375 17.125 3.84 2.23343
16.4375 17.125 3.92 2.10965
16.4375 17.125 4 2.03039
16.4375 17.125 4.08 1.86544
16.4375 17.1875 4.16 1.83162
16.4375 17.1875 4.24 1.7087
16.4375 17.1875 4.32 1.60702
16.4375 17.25 4.4 1.39314
16.4375 17.25 4.48 1.32727
16.4375 17.25 4.56 1.43059
16.5 17.25 4.64 1.1635
16.4375 17.3125 4.72 1.125
16.4375 17.3125 4.8 1.16736
16.5 17.375 4.88 1.02739
16.5 17.375 4.96 1.19216
16.4375 17.4375 5.04 1.19216
16.4375 17.5 5.12 1.09659
16.4375 17.5625 5.2 1.14552
16.375 17.5625 5.28 1.06066
16.375 17.625 5.36 1.09126
16.4375 17.6875 5.44 1.08224
16.375 17.75 5.52 1.14552
16.375 17.8125 5.6 1.09659
16.375 17.875 5.68 1.09659
16.3125 17.875 5.76 1.09659
16.3125 17.9375 5.84 1.0248
16.3125 17.9375 5.92 0.901388
16.25 17.9375 6 0.976281
16.25 18 6.08 0.940027
16.1875 18 6.16 0.933287
16.1875 18 6.24 0.889508
16.125 18 6.32 0.901388
16.125 18 6.4 0.901388
16.125 18.0625 6.48 0.976281
16.125 18.0625 6.56 0.976281
16.0625 18.0625 6.64 0.889508
16.0625 18.0625 6.72 0.976281
16.0625 18.0625 6.8 0.976281
16.0625 18.0625 6.88 0.976281
16.0625 18.0625 6.96 0.901388
16.0625 18.0625 7.04 0.901388
16.0625 18.0625 7.12 0.898248
16 18.0625 7.2 0.838525
16 18.0625 7.28 0.875
16 18.0625 7.36 0.875
16 18 7.44 0.883883
16 18 7.52 0.883883
16 18 7.6 0.875
16 17.9375 7.68 0.883883
16 17.9375 7.76 0.883883
16 17.875 7.84 0.816226
16 17.875 7.92 0.95373
16.0625 17.875 8 0.95373
16.0625 17.8125 8.08 0.95373
16.0625 17.75 8.16 0.894553
16.125 17.75 8.24 0.894553
16.0625 17.6875 8.32 0.894553
16.125 17.6875 8.4 0.894553
16.1875 17.625 8.48 0.894553
16.125 17.5625 8.48 0.894553
16.125 17.5 8.56 0.746224
16.1875 17.5 8.64 0.894553
16.25 17.5 8.72 0.894553
16.3125 17.4375 8.8 0.894553
16.375 17.4375 8.88 0.894553
16.4375 17.375 8.96 0.894553
16.4375 17.3125 9.04 0.854634
16.5 17.3125 9.12 0.88353
16.5625 17.375 9.2 0.812158
16.625 17.3125 9.28 0.821721
16.6875 17.3125 9.36 0.821721
16.75 17.25 9.44 0.821721
16.8125 17.3125 9.44 0.88353
16.875 17.3125 9.52 0.849765
12 157
2.125 15.375 4.4 0.621812
2.1875 15.3125 4.48 0.609118
2.25 15.25 4.56 0.609118
2.3125 15.25 4.64 0.609118
2.375 15.1875 4.72 0.609118
2.4375 15.125 4.8 0.609118
2.5 15.125 4.88 0.609118
2.5625 15.0625 4.96 0.621812
2.625 15 5.04 0.609118
2.6875 15 5.04 0.609118
2.75 15 5.12 0.609118
2.8125 14.9375 5.2 0.609118
2.875 14.875 5.28 0.609118
2.9375 14.875 5.28 0.609118
3 14.8125 5.36 0.609118
3.0625 14.8125 5.44 0.55545
3.125 14.8125 5.44 0.609118
3.1875 14.75 5.52 0.609118
3.25 14.75 5.52 0.609118
3.3125 14.75 5.6 0.609118
3.375 14.75 5.68 0.55545
3.4375 14.6875 5.68 0.609118
3.5 14.625 5.76 0.609118
3.5625 14.625 5.84 0.508576
3.625 14.625 5.84 0.609118
3.6875 14.5625 5.92 0.609118
3.75 14.625 6 0.541202
3.8125 14.5625 6 0.609118
3.875 14.5 6.08 0.55545
3.9375 14.5625 6.08 0.609118
4 14.5 6.16 0.609118
4.0625 14.5 6.16 0.55545
4.125 14.5 6.24 0.55545
4.1875 14.5 6.24 0.55545
4.25 14.4375 6.32 0.609118
4.3125 14.4375 6.32 0.621812
4.375 14.4375 6.32 0.609118
4.4375 14.4375 6.4 0.609118
4.5 14.4375 6.4 0.609118
4.5625 14.375 6.48 0.596154
4.625 14.375 6.48 0.609118
4.6875 14.375 6.56 0.609118
4.75 14.375 6.56 0.621812
4.8125 14.375 6.56 0.609118
4.875 14.375 6.64 0.609118
4.9375 14.375 6.64 0.621812
5 14.375 6.72 0.609118
5.0625 14.375 6.72 0.621812
5.125 14.375 6.72 0.609118
5.1875 14.375 6.8 0.609118
5.25 14.375 6.8 0.621812
5.3125 14.375 6.8 0.64
5.375 14.375 6.88 0.64
5.4375 14.375 6.88 0.652093
5.5 14.375 6.88 0.621812
5.5625 14.375 6.96 0.609118
5.625 14.4375 6.96 0.621812
5.6875 14.4375 6.96 0.609118
5.75 14.4375 7.04 0.609118
5.8125 14.4375 7.04 0.621812
5.875 14.4375 7.04 0.64
5.9375 14.4375 7.04 0.64
6 14.4375 7.12 0.621812
6.0625 14.5 7.12 0.621812
6.125 14.5 7.12 0.621812
6.1875 14.5 7.2 0.64
6.25 14.5625 7.2 0.621812
6.3125 14.625 7.2 0.609118
6.375 14.5625 7.28 0.609118
6.4375 14.5625 7.28 0.652093
6.5 14.625 7.28 0.609118
6.5625 14.5625 7.36 0.658426
6.625 14.625 7.36 0.652093
6.6875 14.625 7.44 0.658426
6.75 14.6875 7.44 0.687095
6.8125 14.6875 7.52 0.609118
6.875 14.6875 7.52 0.687095
6.9375 14.6875 7.6 0.609118
7 14.75 7.6 0.687095
7.0625 14.75 7.6 0.652093
7.125 14.8125 7.68 0.687095
7.1875 14.8125 7.68 0.652093
7.25 14.875 7.76 0.621812
7.3125 14.8125 7.76 0.621812
7.375 14.875 7.84 0.609118
7.4375 14.9375 7.84 0.687095
7.5 14.9375 7.92 0.609118
7.5625 14.9375 7.92 0.663965
7.625 15 7.92 0.652093
7.6875 15.0625 8 0.687095
7.75 15.0625 8 0.621812
7.8125 15.125 8.08 0.687095
7.8125 15.1875 8.08 0.658426
7.875 15.25 8.16 0.621812
7.9375 15.25 8.16 0.687095
8 15.3125 8.24 0.658426
8.0625 15.3125 8.24 0.715297
8.125 15.375 8.32 0.715297
8.1875 15.375 8.32 0.8
8.25 15.4375 8.4 0.698373
8.3125 15.5 8.4 0.698373
8.375 15.5625 8.48 0.741772
8.4375 15.625 8.56 0.663965
8.5 15.6875 8.56 0.741772
8.5625 15.6875 8.56 0.687095
8.625 15.75 8.64 0.741772
8.6875 15.8125 8.72 0.687095
8.75 15.8125 8.72 0.741772
8.8125 15.8125 8.72 0.687095
8.875 15.875 8.8 0.687095
8.875 15.9375 8.8 0.687095
8.9375 16 8.88 0.658426
9 16.0625 8.96 0.621812
9.0625 16.0625 8.96 0.687095
9.125 16.0625 9.04 0.687095
9.1875 16.125 9.12 0.609118
9.25 16.125 9.12 0.658426
9.3125 16.1875 9.2 0.609118
9.375 16.1875 9.2 0.55394
9.4375 16.25 9.28 0.658426
9.5 16.3125 9.36 0.609118
9.5625 16.3125 9.36 0.621812
9.625 16.375 9.44 0.609118
9.6875 16.375 9.44 0.687095
9.75 16.4375 9.52 0.609118
9.8125 16.4375 9.52 0.687095
9.875 16.5 9.6 0.621812
9.9375 16.5 9.6 0.559017
10 16.5 9.6 0.663965
10.0625 16.5625 9.68 0.652093
10.125 16.5625 9.68 0.687095
10.1875 16.5625 9.68 0.658426
10.25 16.625 9.68 0.621812
10.3125 16.5625 9.76 0.64
10.375 16.5625 9.76 0.64
10.4375 16.5625 9.76 0.64
10.5 16.625 9.76 0.621812
10.5625 16.625 9.76 0.658426
10.625 16.625 9.76 0.687095
10.6875 16.625 9.76 0.687095
10.75 16.625 9.76 0.687095
10.8125 16.6875 9.76 0.652093
10.875 16.625 9.68 0.663965
10.9375 16.6875 9.68 0.687095
11 16.625 9.68 0.606651
11.0625 16.625 9.68 0.687095
11.125 16.6875 9.6 0.687095
11.1875 16.6875 9.6 0.741772
11.25 16.625 9.6 0.625
11.3125 16.6875 9.52 0.741772
11.375 16.625 9.52 0.693109
11.4375 16.6875 9.44 0.741772
11.5 16.625 9.44 0.812158
11.5625 16.625 9.36 0.812158
11.625 16.625 9.36 0.736817
11.6875 16.6875 9.28 0.849765
11.75 16.625 9.2 0.894553
13 256
11.8125 16.6875 9.28 0.892328
11.875 16.6875 9.36 0.809707
11.9375 16.75 9.44 0.64
11.9375 16.8125 9.52 0.496009
12 16.875 9.6 0.406079
12.0625 16.9375 9.68 0.353553
12.0625 16.9375 9.76 0.296816
12.125 17 9.84 0.322064
12.1875 17 9.92 0.353553
12.1875 17.0625 10 0.365582
12.25 17.0625 10.08 0.296816
12.25 17.125 10.16 0.25
12.25 17.125 10.24 0.25
12.25 17.125 10.32 0.25
12.25 17.125 10.4 0.25
12.25 17.125 10.48 0.25
12.25 17.1875 10.56 0.296816
12.1875 17.125 10.64 0.406079
12.1875 17.0625 10.72 0.406079
12.1875 17.0625 10.8 0.375
12.1875 17 10.88 0.388072
12.1875 17 10.96 0.375
12.1875 16.9375 11.04 0.353553
12.25 16.9375 11.12 0.406079
12.3125 16.875 11.2 0.406079
12.375 16.875 11.28 0.322064
12.4375 16.8125 11.36 0.406079
12.5 16.8125 11.44 0.406079
12.5625 16.875 11.52 0.406079
12.625 16.9375 11.6 0.322064
12.6875 17 11.68 0.353553
12.75 17 11.76 0.365582
12.75 17.0625 11.84 0.322064
12.75 17.125 11.92 0.296816
12.75 17.1875 12 0.25
12.6875 17.1875 12.08 0.279508
12.6875 17.25 12.16 0.25
12.6875 17.25 12.24 0.25
12.625 17.25 12.32 0.25
12.625 17.25 12.4 0.25
12.625 17.25 12.48 0.238432
12.5625 17.1875 12.56 0.279508
12.5625 17.1875 12.64 0.279508
12.5625 17.1875 12.72 0.296816
12.625 17.125 12.8 0.343548
12.625 17.125 12.88 0.343548
12.625 17.0625 12.96 0.343548
12.6875 17.0625 13.04 0.238432
12.75 17 13.12 0.238432
12.75 16.9375 13.2 0.296816
12.8125 16.875 13.28 0.343548
12.875 16.8125 13.36 0.353553
12.9375 16.8125 13.44 0.322064
12.9375 16.75 13.52 0.353553
13 16.75 13.6 0.322064
13 16.6875 13.68 0.353553
13 16.6875 13.76 0.353553
13 16.6875 13.84 0.353553
13 16.6875 13.92 0.353553
13 16.625 14 0.353553
13 16.625 14.08 0.296816
13.0625 16.625 14.16 0.353553
13.0625 16.625 14.24 0.296816
13.125 16.625 14.32 0.296816
13.125 16.5625 14.4 0.296816
13.125 16.5625 14.48 0.279508
13.125 16.5625 14.56 0.279508
13.125 16.5625 14.64 0.296816
13.125 16.5 14.72 0.279508
13.1875 16.5 14.8 0.296816
13.1875 16.4375 14.88 0.296816
13.1875 16.4375 14.96 0.279508
13.25 16.4375 15.04 0.296816
13.25 16.375 15.12 0.353553
13.25 16.375 15.2 0.296816
13.25 16.3125 15.28 0.322064
13.25 16.25 15.36 0.322064
13.3125 16.25 15.44 0.296816
13.3125 16.1875 15.52 0.322064
13.3125 16.1875 15.6 0.279508
13.3125 16.125 15.68 0.296816
13.3125 16.0625 15.76 0.296816
13.3125 16.0625 15.84 0.279508
13.3125 16 15.92 0.296816
13.375 15.9375 16 0.296816
13.3125 15.9375 16.08 0.406079
13.3125 15.875 16.16 0.322064
13.3125 15.8125 16.24 0.322064
13.3125 15.8125 16.32 0.279508
13.375 15.8125 16.4 0.296816
13.375 15.75 16.48 0.322064
13.375 15.75 16.56 0.279508
13.375 15.6875 16.64 0.296816
13.375 15.6875 16.72 0.25
13.4375 15.6875 16.8 0.25
13.4375 15.625 16.88 0.296816
13.4375 15.625 16.96 0.279508
13.4375 15.625 17.04 0.238432
13.4375 15.5625 17.12 0.296816
13.4375 15.5625 17.2 0.279508
13.4375 15.5625 17.28 0.279508
13.4375 15.5 17.36 0.279508
13.5 15.5 17.44 0.296816
13.5 15.5 17.52 0.296816
13.5 15.4375 17.6 0.353553
13.5625 15.4375 17.68 0.296816
13.5625 15.375 17.76 0.296816
13.5 15.375 17.84 0.296816
13.5625 15.375 17.92 0.279508
13.5625 15.3125 18 0.353553
13.5625 15.3125 18.08 0.279508
13.5625 15.25 18.16 0.296816
13.5625 15.25 18.24 0.25
13.625 15.25 18.32 0.25
13.625 15.25 18.4 0.25
13.5625 15.1875 18.48 0.279508
13.5625 15.1875 18.56 0.279508
13.5 15.25 18.64 0.238432
13.5 15.25 18.72 0.296816
13.4375 15.25 18.8 0.25
13.4375 15.25 18.88 0.32
13.375 15.3125 18.96 0.203039
13.3125 15.3125 18.96 0.238432
13.25 15.3125 18.96 0.32
13.1875 15.375 18.96 0.32
13.125 15.375 19.04 0.32
13.0625 15.4375 19.04 0.32
13 15.5 18.96 0.32
12.9375 15.5625 18.96 0.343548
12.875 15.5625 18.96 0.32
12.8125 15.5625 18.88 0.32
12.75 15.625 18.88 0.32
12.6875 15.6875 18.88 0.32
12.625 15.6875 18.88 0.32
12.5625 15.75 18.88 0.32
12.5 15.75 18.88 0.343548
12.4375 15.75 18.88 0.406079
12.375 15.75 18.96 0.406079
12.375 15.6875 19.04 0.353553
12.375 15.6875 19.12 0.322064
12.375 15.625 19.2 0.406079
12.375 15.625 19.28 0.343548
12.375 15.5625 19.36 0.343548
12.4375 15.5 19.44 0.343548
12.5 15.4375 19.52 0.343548
12.5 15.375 19.6 0.25
12.5625 15.375 19.68 0.296816
12.5625 15.3125 19.76 0.25
12.625 15.3125 19.84 0.353553
12.6875 15.3125 19.92 0.296816
12.6875 15.3125 20 0.25
12.75 15.25 20.08 0.296816
12.75 15.25 20.16 0.296816
12.8125 15.25 20.24 0.296816
12.8125 15.1875 20.32 0.279508
12.8125 15.1875 20.4 0.322064
12.8125 15.25 20.48 0.296816
12.875 15.25 20.56 0.296816
12.875 15.25 20.64 0.296816
12.875 15.3125 20.72 0.238432
12.875 15.375 20.8 0.25
12.8125 15.4375 20.88 0.343548
12.8125 15.4375 20.96 0.353553
12.8125 15.5 21.04 0.365582
12.8125 15.5625 21.04 0.343548
12.8125 15.625 21.12 0.343548
12.75 15.6875 21.2 0.32
12.6875 15.75 21.2 0.32
12.6875 15.8125 21.2 0.32
12.6875 15.875 21.2 0.32
12.625 15.9375 21.2 0.32
12.625 16 21.12 0.32
12.625 16.0625 21.12 0.343548
12.5625 16.125 21.12 0.32
12.5 16.1875 21.12 0.32
12.5 16.25 21.12 0.32
12.5 16.3125 21.04 0.32
12.4375 16.375 21.04 0.32
12.4375 16.4375 21.04 0.32
12.375 16.5 21.04 0.32
12.375 16.5625 20.96 0.32
12.375 16.625 20.96 0.32
12.375 16.6875 20.96 0.32
12.375 16.75 20.96 0.32
12.375 16.8125 20.88 0.32
12.4375 16.875 20.88 0.32
12.4375 16.9375 20.88 0.32
12.5 17 20.88 0.32
12.5625 17.0625 20.8 0.32
12.625 17.125 20.8 0.343548
12.6875 17.1875 20.8 0.32
12.75 17.1875 20.8 0.32
12.8125 17.25 20.72 0.32
12.875 17.25 20.72 0.32
12.9375 17.25 20.72 0.32
13 17.1875 20.72 0.32
13.0625 17.1875 20.72 0.32
13.125 17.1875 20.72 0.32
13.1875 17.1875 20.64 0.32
13.25 17.1875 20.64 0.32
13.3125 17.125 20.64 0.32
13.375 17.125 20.64 0.32
13.4375 17.125 20.64 0.32
13.5 17.0625 20.64 0.32
13.5625 17 20.64 0.32
13.625 16.9375 20.64 0.32
13.6875 16.875 20.64 0.343548
13.75 16.8125 20.72 0.32
13.8125 16.75 20.72 0.343548
13.875 16.75 20.72 0.343548
13.9375 16.6875 20.8 0.32
14 16.625 20.8 0.32
14.0625 16.5625 20.88 0.238432
14.125 16.5625 20.88 0.238432
14.1875 16.5625 20.88 0.203039
14.25 16.5 20.96 0.203039
14.3125 16.4375 20.96 0.238432
14.375 16.5 20.96 0.238432
14.4375 16.4375 21.04 0.238432
14.5 16.375 21.12 0.238432
14.5625 16.375 21.12 0.238432
14.625 16.3125 21.2 0.25
14.6875 16.3125 21.28 0.238432
14.75 16.3125 21.36 0.203039
14.8125 16.25 21.44 0.203039
14.8125 16.1875 21.44 0.238432
14.875 16.125 21.52 0.279508
14.9375 16.0625 21.6 0.296816
14.9375 16 21.68 0.238432
14.9375 15.9375 21.68 0.25
14.9375 15.875 21.68 0.238432
15 15.8125 21.76 0.238432
15 15.75 21.76 0.32
15 15.6875 21.84 0.203039
15 15.625 21.84 0.238432
15 15.5625 21.84 0.238432
15 15.5 21.92 0.203039
15 15.4375 21.92 0.238432
15 15.375 21.92 0.203039
15 15.3125 22 0.203039
15 15.25 22 0.238432
15 15.1875 22 0.203039
15 15.125 22.08 0.203039
15 15.0625 22.08 0.203039
15 15 22.16 0.203039
15.0625 15 22.24 0.16
15.125 14.9375 22.24 0.16
15.0625 14.875 22.24 0.203039
15.0625 14.8125 22.32 0.203039
15.0625 14.75 22.32 0.203039
15.125 14.6875 22.4 0.203039
15.1875 14.625 22.48 0.203039
15.25 14.5625 22.56 0.203039
15.3125 14.5 22.64 0.203039
15.375 14.4375 22.64 0.296816
15.4375 14.375 22.72 0.296816
14 95
12.375 14.4375 15.84 0.693109
12.375 14.375 15.76 0.596154
12.375 14.3125 15.84 0.541202
12.375 14.25 15.84 0.496009
12.375 14.1875 15.84 0.406079
12.375 14.125 15.84 0.296816
12.3125 14.0625 15.92 0.343548
12.25 14 16 0.343548
12.1875 14 16.08 0.279508
12.125 14 16.16 0.322064
12.125 13.9375 16.24 0.406079
12.125 13.875 16.32 0.406079
12.125 13.8125 16.4 0.353553
12.0625 13.8125 16.48 0.322064
12.0625 13.8125 16.56 0.296816
12.125 13.75 16.64 0.296816
12.125 13.75 16.72 0.279508
12.125 13.75 16.8 0.279508
12.125 13.75 16.88 0.279508
12.1875 13.75 16.96 0.296816
12.1875 13.75 17.04 0.296816
12.25 13.8125 17.12 0.279508
12.25 13.8125 17.2 0.296816
12.3125 13.8125 17.28 0.25
12.375 13.875 17.36 0.25
12.4375 13.875 17.44 0.296816
12.4375 13.9375 17.52 0.25
12.4375 13.9375 17.6 0.296816
12.5 14 17.68 0.279508
12.5 14 17.76 0.296816
12.5625 14.0625 17.84 0.238432
12.5625 14.125 17.92 0.343548
12.5625 14.1875 18 0.353553
12.625 14.25 18.08 0.353553
12.625 14.25 18.16 0.279508
12.625 14.25 18.24 0.279508
12.625 14.25 18.32 0.25
12.625 14.1875 18.4 0.296816
12.625 14.1875 18.48 0.279508
12.625 14.125 18.56 0.296816
12.625 14.0625 18.64 0.343548
12.6875 14 18.72 0.238432
12.625 13.9375 18.72 0.279508
12.6875 13.875 18.8 0.238432
12.6875 13.8125 18.8 0.32
12.625 13.75 18.88 0.238432
12.625 13.6875 18.88 0.32
12.625 13.625 18.88 0.32
12.625 13.5625 18.96 0.32
12.625 13.5 18.96 0.32
12.625 13.4375 18.96 0.32
12.5625 13.375 18.96 0.32
12.5 13.3125 19.04 0.203039
12.4375 13.25 19.12 0.203039
12.375 13.25 19.12 0.238432
12.3125 13.25 19.12 0.176777
12.25 13.1875 19.12 0.25
12.1875 13.1875 19.12 0.25
12.125 13.1875 19.12 0.25
12.0625 13.1875 19.12 0.238432
12 13.1875 19.2 0.203039
11.9375 13.1875 19.2 0.238432
11.875 13.25 19.2 0.203039
11.8125 13.3125 19.28 0.16
11.75 13.375 19.28 0.16
11.6875 13.4375 19.28 0.16
11.625 13.375 19.28 0.203039
11.5625 13.375 19.28 0.238432
11.5 13.4375 19.36 0.203039
11.4375 13.5 19.44 0.176777
11.375 13.5625 19.52 0.32
11.3125 13.625 19.6 0.238432
11.25 13.6875 19.6 0.32
11.1875 13.6875 19.68 0.32
11.125 13.75 19.68 0.343548
11.0625 13.8125 19.76 0.238432
11 13.8125 19.76 0.32
10.9375 13.875 19.76 0.32
10.875 13.875 19.84 0.238432
10.8125 13.875 19.84 0.32
10.75 13.875 19.84 0.32
10.6875 13.875 19.84 0.32
10.625 13.875 19.92 0.238432
10.5625 13.875 19.92 0.32
10.5 13.8125 19.92 0.32
10.4375 13.8125 20 0.343548
10.375 13.75 20.08 0.343548
10.3125 13.6875 20.16 0.343548
10.25 13.625 20.24 0.296816
10.25 13.5625 20.32 0.343548
10.3125 13.5 20.4 0.25
10.3125 13.4375 20.48 0.25
10.3125 13.4375 20.56 0.296816
10.3125 13.4375 20.64 0.25
10.3125 13.4375 20.72 0.25
15 152
12.375 14.4375 15.84 0.693109
12.375 14.5 15.92 0.715297
12.375 14.5625 16 0.693109
12.375 14.5625 16.08 0.625
12.375 14.5625 16.16 0.625
12.375 14.5625 16.24 0.625
12.375 14.5625 16.32 0.625
12.4375 14.5 16.4 0.707107
12.375 14.5625 16.48 0.625
12.375 14.5 16.56 0.625
12.375 14.5 16.64 0.645155
12.375 14.5 16.72 0.715297
12.375 14.5 16.8 0.619395
12.3125 14.5 16.88 0.539653
12.3125 14.5 16.96 0.55394
12.25 14.4375 17.04 0.450694
12.25 14.4375 17.12 0.450694
12.25 14.5 17.2 0.395285
12.25 14.5 17.28 0.406079
12.25 14.5 17.36 0.296816
12.1875 14.5 17.44 0.25
12.1875 14.5 17.52 0.25
12.1875 14.5625 17.6 0.203039
12.125 14.625 17.68 0.203039
12.0625 14.625 17.68 0.32
12 14.6875 17.76 0.32
11.9375 14.75 17.76 0.32
11.9375 14.8125 17.76 0.32
11.875 14.875 17.76 0.32
11.8125 14.9375 17.76 0.32
11.75 15 17.76 0.32
11.6875 15.0625 17.84 0.25
11.6875 15.125 17.84 0.32
11.6875 15.1875 17.84 0.32
11.625 15.25 17.84 0.32
11.625 15.3125 17.92 0.32
11.625 15.375 17.92 0.32
11.625 15.4375 17.92 0.238432
11.625 15.5 18 0.203039
11.625 15.5625 18 0.238432
11.5625 15.625 18.08 0.279508
11.5625 15.625 18.16 0.322064
11.5625 15.625 18.24 0.353553
11.5 15.625 18.32 0.353553
11.5 15.5625 18.4 0.322064
11.5 15.5625 18.48 0.343548
11.5 15.5 18.56 0.343548
11.5 15.4375 18.56 0.279508
11.5625 15.375 18.64 0.343548
11.5625 15.3125 18.72 0.32
11.5625 15.25 18.72 0.343548
11.625 15.1875 18.8 0.238432
11.625 15.125 18.8 0.32
11.625 15.0625 18.8 0.32
11.6875 15 18.88 0.32
11.75 14.9375 18.88 0.32
11.75 14.875 18.88 0.32
11.8125 14.8125 18.96 0.32
11.875 14.75 18.96 0.32
11.875 14.6875 18.96 0.32
11.9375 14.625 19.04 0.343548
12 14.5625 19.12 0.32
12.0625 14.5 19.12 0.343548
12.125 14.4375 19.2 0.296816
12.1875 14.375 19.28 0.296816
12.25 14.3125 19.36 0.279508
12.3125 14.3125 19.36 0.343548
12.375 14.3125 19.44 0.343548
12.375 14.25 19.52 0.279508
12.4375 14.1875 19.6 0.279508
12.5 14.1875 19.68 0.353553
12.5 14.1875 19.76 0.296816
12.5625 14.125 19.84 0.353553
12.5625 14.125 19.92 0.353553
12.5625 14.125 20 0.296816
12.625 14.0625 20.08 0.279508
12.625 14.0625 20.16 0.279508
12.625 14.0625 20.24 0.279508
12.625 14 20.32 0.353553
12.625 14 20.4 0.296816
12.6875 13.9375 20.48 0.353553
12.6875 13.9375 20.56 0.322064
12.6875 13.9375 20.64 0.296816
12.75 13.875 20.72 0.353553
12.8125 13.875 20.8 0.406079
12.8125 13.875 20.88 0.406079
12.8125 13.875 20.96 0.296816
12.875 13.875 21.04 0.406079
12.9375 13.875 21.12 0.365582
12.9375 13.875 21.2 0.353553
12.9375 13.875 21.28 0.279508
13 13.9375 21.36 0.322064
13 13.9375 21.44 0.279508
13.0625 14 21.52 0.296816
13.0625 14.0625 21.6 0.296816
13.0625 14.0625 21.68 0.296816
13.0625 14.125 21.76 0.296816
13.0625 14.1875 21.84 0.296816
13 14.25 21.92 0.296816
12.9375 14.3125 22 0.353553
12.875 14.375 22.08 0.343548
12.8125 14.375 22.08 0.406079
12.75 14.375 22.16 0.343548
12.6875 14.375 22.16 0.406079
12.625 14.375 22.24 0.296816
12.5625 14.375 22.24 0.343548
12.5 14.3125 22.32 0.343548
12.4375 14.3125 22.4 0.343548
12.375 14.25 22.4 0.322064
12.3125 14.25 22.48 0.406079
12.25 14.25 22.56 0.353553
12.1875 14.25 22.64 0.296816
12.1875 14.1875 22.72 0.279508
12.1875 14.125 22.8 0.296816
12.125 14.125 22.88 0.343548
12.0625 14.0625 22.96 0.322064
12.0625 14 23.04 0.343548
12.125 13.9375 23.04 0.343548
12.125 13.875 23.12 0.279508
12.1875 13.8125 23.12 0.279508
12.25 13.75 23.2 0.296816
12.3125 13.6875 23.28 0.32
12.375 13.6875 23.2 0.296816
12.4375 13.625 23.28 0.32
12.5 13.625 23.28 0.32
12.5625 13.625 23.28 0.32
12.625 13.5625 23.28 0.32
12.6875 13.5625 23.28 0.32
12.75 13.5 23.28 0.32
12.8125 13.4375 23.28 0.25
12.875 13.5 23.2 0.32
12.9375 13.4375 23.2 0.343548
13 13.4375 23.12 0.296816
13.0625 13.375 23.12 0.32
13.125 13.375 23.04 0.32
13.1875 13.3125 23.04 0.238432
13.25 13.25 22.96 0.32
13.3125 13.3125 22.96 0.32
13.375 13.25 22.96 0.32
13.4375 13.25 22.88 0.238432
13.5 13.25 22.88 0.32
13.5625 13.1875 22.88 0.32
13.625 13.1875 22.88 0.32
13.6875 13.1875 22.88 0.32
13.75 13.125 22.88 0.32
13.8125 13.0625 22.96 0.32
13.875 13.0625 22.96 0.32
13.9375 13 22.96 0.343548
14 13 22.96 0.343548
14.0625 12.9375 23.04 0.32
14.125 12.9375 23.04 0.32
14.1875 12.875 23.04 0.32
16 37
18.9375 12.9375 16.88 0.176777
18.9375 13 16.96 0.238432
18.9375 13.0625 17.04 0.238432
18.9375 13.125 17.12 0.176777
18.875 13.1875 17.2 0.176777
18.8125 13.1875 17.28 0.238432
18.75 13.1875 17.36 0.238432
18.6875 13.25 17.44 0.203039
18.625 13.1875 17.44 0.238432
18.5625 13.1875 17.44 0.203039
18.5 13.25 17.52 0.16
18.4375 13.1875 17.52 0.203039
18.375 13.1875 17.52 0.203039
18.3125 13.125 17.52 0.203039
18.25 13.1875 17.52 0.203039
18.1875 13.1875 17.52 0.203039
18.125 13.1875 17.52 0.203039
18.0625 13.1875 17.52 0.203039
18 13.1875 17.52 0.238432
17.9375 13.1875 17.52 0.238432
17.875 13.25 17.52 0.203039
17.8125 13.3125 17.6 0.16
17.75 13.375 17.6 0.16
17.6875 13.375 17.6 0.16
17.625 13.4375 17.6 0.16
17.5625 13.375 17.6 0.203039
17.5 13.375 17.6 0.32
17.4375 13.4375 17.68 0.238432
17.4375 13.5 17.76 0.176777
17.375 13.5 17.84 0.238432
17.4375 13.5 17.92 0.238432
17.5 13.5 18 0.203039
17.5625 13.5 18 0.203039
17.625 13.5625 18.08 0.203039
17.6875 13.5625 18.08 0.203039
17.75 13.5 18.08 0.32
17.8125 13.5625 18.16 0.32
17 59
17.8125 13.5625 18.16 0.32
17.875 13.5 18.16 0.32
17.9375 13.4375 18.16 0.238432
18 13.4375 18.16 0.203039
18.0625 13.375 18.16 0.238432
18.125 13.3125 18.08 0.25
18.1875 13.3125 18.08 0.25
18.25 13.3125 18.08 0.25
18.3125 13.3125 18.08 0.32
18.375 13.3125 18.08 0.32
18.4375 13.3125 18.08 0.32
18.5 13.3125 18.08 0.25
18.5625 13.3125 18.08 0.25
18.625 13.375 18.08 0.32
18.6875 13.375 18.08 0.32
18.75 13.4375 18.08 0.32
18.8125 13.4375 18.08 0.25
18.875 13.5 18.16 0.203039
18.9375 13.5625 18.16 0.203039
19 13.5625 18.16 0.203039
19.0625 13.625 18.24 0.203039
19.125 13.6875 18.24 0.32
19.1875 13.75 18.24 0.238432
19.25 13.8125 18.32 0.238432
19.3125 13.875 18.4 0.32
19.375 13.9375 18.48 0.203039
19.4375 14 18.48 0.203039
19.5 14.0625 18.48 0.238432
19.5625 14.0625 18.48 0.238432
19.625 14.125 18.48 0.203039
19.6875 14.125 18.48 0.238432
19.75 14.1875 18.48 0.203039
19.8125 14.1875 18.48 0.238432
19.875 14.1875 18.48 0.32
19.9375 14.1875 18.48 0.32
20 14.1875 18.48 0.32
20.0625 14.1875 18.48 0.32
20.125 14.1875 18.48 0.32
20.1875 14.1875 18.48 0.238432
20.25 14.1875 18.56 0.203039
20.3125 14.1875 18.56 0.238432
20.375 14.125 18.56 0.238432
20.4375 14.0625 18.64 0.32
20.5 14 18.72 0.279508
20.5625 14 18.8 0.238432
20.625 13.9375 18.88 0.238432
20.5625 13.875 18.96 0.25
20.625 13.875 19.04 0.25
20.625 13.875 19.12 0.25
20.625 13.8125 19.2 0.25
20.625 13.8125 19.28 0.25
20.625 13.8125 19.36 0.25
20.5625 13.8125 19.44 0.25
20.5625 13.8125 19.52 0.25
20.5625 13.8125 19.6 0.25
20.5625 13.8125 19.68 0.25
20.5625 13.8125 19.76 0.25
20.5625 13.8125 19.84 0.25
20.625 13.875 19.92 0.16
18 72
17.6875 15 16.56 0.476865
17.6875 15 16.64 0.388072
17.75 15 16.72 0.375
17.75 15 16.8 0.388072
17.75 15 16.88 0.353553
17.8125 15 16.96 0.353553
17.8125 15 17.04 0.322064
17.8125 15 17.12 0.296816
17.875 15 17.2 0.296816
17.875 15 17.28 0.279508
17.9375 15 17.36 0.353553
17.9375 15 17.44 0.296816
18 15 17.52 0.279508
18 15 17.6 0.353553
18 15 17.68 0.388072
18 15 17.76 0.353553
18.0625 15 17.84 0.353553
18.0625 15 17.92 0.353553
18.0625 15 18 0.353553
18.0625 14.9375 18.08 0.353553
18.125 14.9375 18.16 0.353553
18.0625 14.9375 18.24 0.388072
18.0625 14.9375 18.32 0.353553
18.0625 14.875 18.4 0.388072
18.0625 14.875 18.48 0.406079
18 14.875 18.56 0.353553
18 14.875 18.64 0.279508
17.9375 14.8125 18.72 0.279508
17.875 14.75 18.8 0.279508
17.875 14.6875 18.8 0.32
17.8125 14.625 18.88 0.32
17.8125 14.5625 18.88 0.32
17.75 14.5 18.88 0.32
17.75 14.4375 18.88 0.32
17.6875 14.375 18.88 0.32
17.625 14.3125 18.8 0.365582
17.5625 14.25 18.8 0.406079
17.5 14.25 18.8 0.406079
17.4375 14.1875 18.72 0.406079
17.375 14.1875 18.72 0.406079
17.3125 14.125 18.64 0.365582
17.25 14.125 18.64 0.406079
17.1875 14.125 18.56 0.424882
17.125 14.0625 18.48 0.388072
17.125 14.0625 18.4 0.476865
17.125 14.0625 18.32 0.375
17.125 14.0625 18.24 0.407707
17.1875 14.125 18.16 0.406079
17.25 14.1875 18.08 0.406079
17.3125 14.1875 18.08 0.365582
17.375 14.25 18.08 0.343548
17.4375 14.25 18.08 0.365582
17.5 14.25 18.08 0.406079
17.5625 14.3125 18.16 0.343548
17.625 14.375 18.16 0.279508
17.6875 14.375 18.24 0.343548
17.75 14.375 18.32 0.296816
17.8125 14.375 18.32 0.365582
17.875 14.4375 18.32 0.279508
17.9375 14.4375 18.4 0.343548
18 14.4375 18.48 0.296816
18.0625 14.375 18.48 0.406079
18.125 14.375 18.56 0.406079
18.1875 14.375 18.64 0.406079
18.25 14.375 18.72 0.406079
18.25 14.3125 18.8 0.375
18.25 14.3125 18.88 0.375
18.3125 14.3125 18.96 0.375
18.3125 14.3125 19.04 0.375
18.25 14.25 19.12 0.476865
18.25 14.25 19.2 0.395285
18.25 14.25 19.28 0.375
19 177
27.875 16.625 5.92 0.541202
27.8125 16.5625 6 0.609118
27.75 16.5 6.08 0.609118
27.6875 16.5625 6.08 0.492976
27.625 16.5 6.16 0.541202
27.5625 16.4375 6.24 0.609118
27.5 16.4375 6.32 0.541202
27.4375 16.4375 6.32 0.492976
27.375 16.375 6.4 0.541202
27.3125 16.3125 6.48 0.541202
27.25 16.3125 6.48 0.511517
27.1875 16.25 6.56 0.541202
27.125 16.25 6.64 0.496009
27.0625 16.25 6.64 0.541202
27 16.1875 6.72 0.511517
26.9375 16.1875 6.72 0.541202
26.875 16.1875 6.8 0.511517
26.8125 16.125 6.8 0.511517
26.75 16.125 6.88 0.511517
26.6875 16.0625 6.88 0.541202
26.625 16.0625 6.96 0.541202
26.5625 16 6.96 0.541202
26.5 16.0625 7.04 0.496009
26.4375 16 7.04 0.476865
26.375 16 7.12 0.496009
26.3125 15.9375 7.12 0.541202
26.25 15.9375 7.2 0.496009
26.1875 15.875 7.2 0.496009
26.125 15.875 7.2 0.476865
26.0625 15.875 7.28 0.511517
26 15.875 7.28 0.541202
25.9375 15.8125 7.36 0.511517
25.875 15.8125 7.36 0.541202
25.8125 15.8125 7.44 0.496009
25.75 15.8125 7.44 0.511517
25.6875 15.75 7.44 0.496009
25.625 15.6875 7.52 0.541202
25.5625 15.75 7.52 0.541202
25.5 15.6875 7.6 0.496009
25.4375 15.625 7.6 0.541202
25.375 15.6875 7.6 0.511517
25.3125 15.6875 7.68 0.496009
25.25 15.6875 7.68 0.511517
25.1875 15.6875 7.68 0.541202
25.125 15.625 7.76 0.496009
25.0625 15.625 7.76 0.541202
25 15.625 7.76 0.541202
24.9375 15.625 7.76 0.511517
24.875 15.5625 7.84 0.496009
24.8125 15.5625 7.84 0.511517
24.75 15.5625 7.84 0.541202
24.6875 15.625 7.84 0.511517
24.625 15.625 7.84 0.476865
24.5625 15.5625 7.92 0.476865
24.5 15.625 7.92 0.496009
24.4375 15.625 7.92 0.496009
24.375 15.625 7.92 0.424882
24.3125 15.5625 8 0.48
24.25 15.5625 8 0.48
24.1875 15.5625 8 0.48
24.125 15.5625 8 0.424882
24.0625 15.5625 8 0.406079
24 15.625 8.08 0.406079
23.9375 15.625 8.08 0.365582
23.875 15.5625 8.08 0.406079
23.8125 15.5625 8.08 0.365582
23.75 15.5 8.08 0.365582
23.6875 15.5625 8.08 0.343548
23.625 15.5625 8.08 0.343548
23.5625 15.625 8.16 0.343548
23.5 15.6875 8.24 0.296816
23.4375 15.6875 8.24 0.296816
23.375 15.625 8.24 0.322064
23.3125 15.625 8.32 0.406079
23.25 15.5625 8.24 0.406079
23.1875 15.625 8.32 0.406079
23.125 15.6875 8.4 0.375
23.0625 15.6875 8.4 0.375
23 15.6875 8.48 0.407707
22.9375 15.6875 8.48 0.541202
22.875 15.6875 8.48 0.541202
22.8125 15.625 8.48 0.541202
22.75 15.6875 8.56 0.609118
22.6875 15.625 8.56 0.609118
22.625 15.625 8.64 0.64
22.5625 15.625 8.64 0.53033
22.5 15.6875 8.72 0.541202
22.4375 15.75 8.72 0.609118
22.375 15.75 8.72 0.541202
22.3125 15.75 8.8 0.450694
22.25 15.8125 8.8 0.450694
22.1875 15.8125 8.8 0.395285
22.125 15.875 8.88 0.407707
22.0625 15.8125 8.96 0.476865
22 15.875 8.96 0.476865
21.9375 15.875 8.96 0.426439
21.875 15.875 9.04 0.492976
21.8125 15.9375 9.04 0.541202
21.75 15.875 9.12 0.541202
21.6875 15.9375 9.12 0.64
21.625 15.9375 9.12 0.609118
21.5625 16 9.2 0.541202
21.5 16 9.2 0.609118
21.4375 16.0625 9.28 0.541202
21.375 16.125 9.28 0.609118
21.3125 16.1875 9.28 0.541202
21.25 16.25 9.36 0.48
21.1875 16.3125 9.36 0.496009
21.125 16.3125 9.36 0.496009
21.0625 16.3125 9.36 0.496009
21 16.375 9.36 0.496009
20.9375 16.4375 9.44 0.496009
20.875 16.5 9.44 0.541202
20.8125 16.5 9.44 0.541202
20.75 16.5625 9.52 0.541202
20.6875 16.625 9.52 0.64
20.625 16.625 9.52 0.64
20.5625 16.625 9.52 0.609118
20.5 16.6875 9.6 0.55545
20.4375 16.75 9.6 0.64
20.375 16.8125 9.6 0.64
20.3125 16.875 9.6 0.609118
20.25 16.875 9.68 0.609118
20.1875 16.9375 9.68 0.609118
20.125 17 9.68 0.55545
20.0625 17 9.76 0.609118
20 17.0625 9.76 0.609118
19.9375 17.125 9.84 0.541202
19.875 17.1875 9.84 0.609118
19.8125 17.25 9.92 0.609118
19.75 17.25 9.92 0.621812
19.6875 17.3125 9.92 0.621812
19.625 17.3125 10 0.619395
19.5625 17.375 10 0.621812
19.5 17.375 10.08 0.55394
19.4375 17.4375 10.08 0.609118
19.375 17.4375 10.08 0.53033
19.3125 17.4375 10.16 0.478252
19.25 17.5 10.16 0.541202
19.1875 17.5 10.16 0.541202
19.125 17.5 10.16 0.541202
19.0625 17.5 10.16 0.478252
19 17.5625 10.16 0.541202
18.9375 17.5625 10.16 0.511517
18.875 17.5625 10.16 0.496009
18.8125 17.5625 10.16 0.511517
18.75 17.5625 10.16 0.541202
18.6875 17.5625 10.16 0.496009
18.625 17.5625 10.16 0.48
18.5625 17.5 10.16 0.48
18.5 17.5 10.16 0.48
18.4375 17.5 10.08 0.48
18.375 17.4375 10.08 0.496009
18.3125 17.5 10.08 0.496009
18.25 17.5 10.08 0.496009
18.1875 17.4375 10.08 0.48
18.125 17.4375 10.08 0.48
18.0625 17.375 10 0.476865
18 17.375 10 0.496009
17.9375 17.375 10 0.496009
17.875 17.375 10 0.496009
17.8125 17.375 9.92 0.55545
17.75 17.3125 9.92 0.55545
17.6875 17.3125 9.92 0.541202
17.625 17.3125 9.84 0.55545
17.5625 17.3125 9.84 0.652093
17.5 17.25 9.84 0.687095
17.4375 17.25 9.84 0.687095
17.375 17.3125 9.76 0.652093
17.3125 17.3125 9.76 0.687095
17.25 17.25 9.76 0.652093
17.1875 17.3125 9.68 0.741772
17.125 17.3125 9.6 0.741772
17.0625 17.25 9.6 0.809707
17 17.25 9.52 0.812158
16.9375 17.25 9.52 0.849765
16.875 17.3125 9.52 0.849765
20 247
16.875 17.3125 9.52 0.849765
16.8125 17.3125 9.6 0.715297
16.75 17.3125 9.68 0.55394
16.75 17.3125 9.76 0.496009
16.6875 17.3125 9.84 0.406079
16.625 17.3125 9.92 0.353553
16.625 17.3125 10 0.353553
16.625 17.375 10.08 0.296816
16.6875 17.3125 10.16 0.296816
16.75 17.25 10.24 0.343548
16.8125 17.3125 10.32 0.343548
16.875 17.3125 10.4 0.32
16.9375 17.3125 10.4 0.32
17 17.375 10.4 0.32
17.0625 17.375 10.4 0.32
17.125 17.4375 10.4 0.343548
17.1875 17.5 10.48 0.296816
17.1875 17.5625 10.48 0.322064
17.1875 17.625 10.48 0.406079
17.1875 17.6875 10.48 0.406079
17.125 17.75 10.48 0.353553
17.0625 17.8125 10.56 0.406079
17.0625 17.875 10.64 0.406079
17 17.875 10.72 0.365582
16.9375 17.875 10.8 0.322064
16.875 17.875 10.88 0.343548
16.8125 17.875 10.96 0.343548
16.75 17.8125 11.04 0.343548
16.6875 17.8125 11.12 0.279508
16.625 17.75 11.2 0.296816
16.625 17.75 11.28 0.238432
16.5625 17.6875 11.36 0.238432
16.5 17.625 11.44 0.296816
16.4375 17.625 11.52 0.238432
16.4375 17.5625 11.6 0.279508
16.4375 17.5625 11.68 0.25
16.4375 17.5625 11.76 0.25
16.375 17.5 11.84 0.25
16.375 17.5 11.92 0.25
16.375 17.5 12 0.25
16.4375 17.5 12.08 0.238432
16.4375 17.5 12.16 0.279508
16.4375 17.5 12.24 0.25
16.5 17.5 12.32 0.279508
16.5 17.5 12.4 0.279508
16.5625 17.5 12.48 0.25
16.5625 17.5 12.56 0.279508
16.5625 17.4375 12.64 0.279508
16.5625 17.4375 12.72 0.25
16.5625 17.4375 12.8 0.279508
16.5625 17.375 12.88 0.279508
16.5625 17.375 12.96 0.279508
16.5625 17.375 13.04 0.296816
16.5625 17.3125 13.12 0.296816
16.5 17.3125 13.2 0.296816
16.5 17.3125 13.28 0.25
16.5625 17.25 13.36 0.25
16.5625 17.25 13.44 0.25
16.5625 17.25 13.52 0.25
16.5625 17.25 13.6 0.296816
16.5625 17.25 13.68 0.279508
16.5625 17.25 13.76 0.296816
16.5625 17.25 13.84 0.25
16.625 17.25 13.92 0.296816
16.625 17.25 14 0.279508
16.625 17.1875 14.08 0.279508
16.625 17.1875 14.16 0.32
16.625 17.125 14.24 0.203039
16.5625 17.0625 14.32 0.238432
16.5 17 14.4 0.32
16.5 16.9375 14.48 0.296816
16.5 16.9375 14.56 0.279508
16.5 16.875 14.64 0.238432
16.4375 16.875 14.72 0.25
16.4375 16.8125 14.8 0.322064
16.4375 16.75 14.88 0.25
16.375 16.75 14.96 0.296816
16.375 16.6875 15.04 0.279508
16.375 16.6875 15.12 0.238432
16.375 16.625 15.2 0.343548
16.3125 16.5625 15.28 0.322064
16.3125 16.5625 15.36 0.279508
16.3125 16.5 15.44 0.322064
16.3125 16.5 15.52 0.279508
16.3125 16.4375 15.6 0.322064
16.3125 16.4375 15.68 0.279508
16.3125 16.375 15.76 0.296816
16.3125 16.3125 15.84 0.279508
16.375 16.3125 15.92 0.238432
16.375 16.25 16 0.296816
16.375 16.1875 16.08 0.296816
16.375 16.1875 16.16 0.279508
16.375 16.1875 16.24 0.296816
16.375 16.125 16.32 0.296816
16.375 16.125 16.4 0.353553
16.375 16.125 16.48 0.296816
16.4375 16.0625 16.56 0.296816
16.4375 16.0625 16.64 0.353553
16.4375 16.0625 16.72 0.279508
16.4375 16 16.8 0.279508
16.5 16 16.88 0.279508
16.5 16 16.96 0.353553
16.5 15.9375 17.04 0.296816
16.5 15.9375 17.12 0.279508
16.5 15.9375 17.2 0.296816
16.5 15.875 17.28 0.279508
16.5 15.875 17.36 0.279508
16.5625 15.875 17.44 0.25
16.5625 15.8125 17.52 0.296816
16.5625 15.75 17.6 0.279508
16.5625 15.8125 17.68 0.296816
16.625 15.75 17.76 0.296816
16.625 15.75 17.84 0.279508
16.625 15.75 17.92 0.279508
16.625 15.75 18 0.279508
16.625 15.75 18.08 0.296816
16.625 15.6875 18.16 0.296816
16.6875 15.75 18.24 0.238432
16.6875 15.75 18.32 0.296816
16.75 15.75 18.4 0.296816
16.8125 15.8125 18.48 0.203039
16.875 15.8125 18.56 0.176777
16.9375 15.8125 18.56 0.25
17 15.8125 18.56 0.25
17.0625 15.8125 18.56 0.25
17.125 15.8125 18.64 0.25
17.1875 15.875 18.64 0.238432
17.25 15.875 18.56 0.25
17.3125 15.9375 18.56 0.32
17.375 15.9375 18.56 0.238432
17.4375 16 18.48 0.32
17.5 16 18.48 0.238432
17.5625 16.0625 18.4 0.238432
17.5625 16.125 18.4 0.203039
17.625 16.1875 18.32 0.203039
17.6875 16.25 18.24 0.32
17.75 16.25 18.24 0.32
17.8125 16.3125 18.32 0.296816
17.875 16.3125 18.4 0.296816
17.9375 16.3125 18.48 0.279508
17.9375 16.3125 18.56 0.25
18 16.25 18.64 0.25
18 16.25 18.72 0.296816
18 16.1875 18.8 0.296816
18 16.125 18.88 0.296816
18 16.0625 18.96 0.238432
18 16 19.04 0.238432
17.9375 15.9375 19.12 0.238432
17.9375 15.875 19.12 0.296816
17.9375 15.8125 19.2 0.296816
17.875 15.75 19.28 0.343548
17.8125 15.6875 19.36 0.296816
17.8125 15.625 19.44 0.296816
17.75 15.5625 19.52 0.296816
17.6875 15.5625 19.6 0.296816
17.6875 15.5 19.68 0.25
17.6875 15.5 19.76 0.25
17.6875 15.5 19.84 0.25
17.75 15.5 19.92 0.296816
17.8125 15.5 20 0.238432
17.875 15.5 20.08 0.296816
17.9375 15.5625 20.16 0.238432
18 15.625 20.24 0.203039
18.0625 15.625 20.32 0.25
18.125 15.6875 20.32 0.32
18.1875 15.75 20.24 0.343548
18.25 15.8125 20.24 0.406079
18.25 15.875 20.24 0.343548
18.3125 15.9375 20.16 0.343548
18.3125 16 20.16 0.365582
18.3125 16.0625 20.16 0.406079
18.3125 16.125 20.16 0.343548
18.3125 16.1875 20.08 0.343548
18.25 16.25 20.08 0.343548
18.25 16.3125 20.08 0.32
18.25 16.375 20.08 0.32
18.1875 16.4375 20.08 0.32
18.1875 16.5 20.08 0.32
18.125 16.5625 20.08 0.32
18.0625 16.625 20.08 0.32
18 16.6875 20.08 0.32
17.9375 16.75 20.08 0.32
17.875 16.8125 20.08 0.32
17.8125 16.8125 20.08 0.32
17.75 16.875 20.08 0.32
17.6875 16.875 20.08 0.32
17.625 16.875 20.08 0.32
17.5625 16.9375 20.08 0.32
17.5 17 20 0.32
17.4375 17 20 0.32
17.375 17.0625 20.08 0.238432
17.3125 17.0625 20.08 0.32
17.25 17.0625 20.08 0.32
17.1875 17.125 20.08 0.32
17.125 17.0625 20.08 0.32
17.0625 17.0625 20.08 0.25
17 17.0625 20.08 0.25
16.9375 17.125 20.16 0.343548
16.875 17.125 20.16 0.296816
16.8125 17.0625 20.24 0.343548
16.75 17 20.32 0.353553
16.6875 16.9375 20.4 0.343548
16.625 16.875 20.4 0.296816
16.625 16.8125 20.48 0.343548
16.5625 16.75 20.56 0.343548
16.5625 16.6875 20.56 0.343548
16.5 16.625 20.64 0.343548
16.4375 16.5625 20.72 0.296816
16.4375 16.5 20.8 0.296816
16.4375 16.4375 20.88 0.296816
16.4375 16.375 20.96 0.25
16.375 16.3125 21.04 0.279508
16.375 16.3125 21.12 0.296816
16.375 16.25 21.2 0.296816
16.375 16.1875 21.28 0.279508
16.375 16.125 21.36 0.279508
16.375 16.0625 21.44 0.238432
16.375 16 21.52 0.238432
16.4375 16 21.6 0.203039
16.375 15.9375 21.68 0.238432
16.375 15.875 21.76 0.238432
16.375 15.8125 21.84 0.238432
16.375 15.75 21.92 0.203039
16.375 15.6875 22 0.203039
16.3125 15.625 22 0.238432
16.3125 15.5625 22.08 0.238432
16.25 15.5 22.16 0.238432
16.25 15.4375 22.24 0.238432
16.25 15.375 22.24 0.238432
16.25 15.3125 22.24 0.203039
16.3125 15.25 22.32 0.16
16.25 15.1875 22.32 0.16
16.1875 15.125 22.32 0.203039
16.1875 15.0625 22.32 0.176777
16.125 15 22.32 0.238432
16.0625 14.9375 22.32 0.203039
16 14.875 22.32 0.203039
15.9375 14.8125 22.32 0.203039
15.875 14.8125 22.32 0.203039
15.8125 14.75 22.4 0.16
15.75 14.6875 22.4 0.16
15.6875 14.625 22.4 0.203039
15.6875 14.5625 22.4 0.203039
15.625 14.5 22.48 0.203039
15.5625 14.5 22.56 0.203039
15.5 14.4375 22.64 0.203039
15.4375 14.375 22.72 0.296816
21 27
15.4375 14.375 22.72 0.296816
15.4375 14.3125 22.8 0.25
15.4375 14.25 22.88 0.296816
15.4375 14.25 22.96 0.343548
15.4375 14.1875 23.04 0.343548
15.5 14.125 23.12 0.296816
15.4375 14.0625 23.2 0.279508
15.4375 14 23.28 0.25
15.5 13.9375 23.36 0.238432
15.5 13.875 23.44 0.238432
15.5 13.875 23.52 0.238432
15.5 13.8125 23.6 0.25
15.5625 13.75 23.68 0.238432
15.5625 13.6875 23.76 0.238432
15.5625 13.6875 23.84 0.25
15.5625 13.625 23.92 0.238432
15.5625 13.625 24 0.25
15.5625 13.5625 24.08 0.238432
15.5625 13.5625 24.16 0.238432
15.625 13.5625 24.24 0.176777
15.625 13.5 24.32 0.238432
15.625 13.5 24.4 0.25
15.625 13.5 24.48 0.25
15.625 13.5 24.56 0.25
15.625 13.5 24.64 0.203039
15.5625 13.4375 24.72 0.176777
15.5 13.4375 24.8 0.203039
22 49
14.1875 12.875 23.04 0.32
14.25 12.8125 23.12 0.296816
14.25 12.75 23.2 0.25
14.3125 12.6875 23.28 0.238432
14.375 12.625 23.36 0.296816
14.375 12.5625 23.44 0.238432
14.4375 12.5 23.52 0.203039
14.4375 12.4375 23.6 0.25
14.4375 12.375 23.68 0.296816
14.4375 12.3125 23.76 0.279508
14.5 12.25 23.84 0.343548
14.4375 12.1875 23.92 0.296816
14.4375 12.125 24 0.32
14.4375 12.0625 24.08 0.203039
14.4375 12 24.08 0.238432
14.375 11.9375 24.08 0.32
14.375 11.875 24.08 0.32
14.375 11.8125 24.08 0.32
14.375 11.75 24 0.32
14.375 11.6875 24 0.32
14.3125 11.625 24 0.32
14.3125 11.5625 24 0.32
14.3125 11.5 24 0.32
14.3125 11.4375 24 0.32
14.3125 11.375 24 0.32
14.3125 11.3125 24 0.32
14.375 11.25 24 0.238432
14.4375 11.1875 24 0.343548
14.5 11.125 24.08 0.25
14.5625 11.125 24.16 0.32
14.625 11.125 24.16 0.32
14.6875 11.1875 24.24 0.296816
14.75 11.25 24.32 0.296816
14.8125 11.3125 24.4 0.32
14.8125 11.375 24.4 0.32
14.875 11.4375 24.48 0.203039
14.8125 11.5 24.48 0.25
14.8125 11.5625 24.56 0.32
14.8125 11.625 24.56 0.32
14.75 11.6875 24.56 0.32
14.6875 11.75 24.64 0.32
14.625 11.8125 24.64 0.32
14.5625 11.8125 24.64 0.32
14.5 11.8125 24.64 0.32
14.4375 11.8125 24.72 0.32
14.375 11.8125 24.72 0.343548
14.3125 11.8125 24.72 0.296816
14.25 11.8125 24.8 0.343548
14.1875 11.75 24.88 0.365582
23 122
18.25 14.25 19.28 0.375
18.1875 14.1875 19.36 0.476865
18.1875 14.1875 19.44 0.388072
18.125 14.125 19.52 0.388072
18.125 14.125 19.6 0.476865
18.125 14.125 19.68 0.407707
18.125 14.125 19.76 0.375
18.0625 14.125 19.84 0.388072
18.0625 14.0625 19.92 0.476865
18.0625 14.0625 20 0.395285
18 14.0625 20.08 0.476865
18 14.0625 20.16 0.450694
18 14.0625 20.24 0.395285
18 14.0625 20.32 0.395285
18 14.0625 20.4 0.395285
18 14.0625 20.48 0.388072
17.9375 14.0625 20.56 0.375
17.9375 14.0625 20.64 0.395285
17.9375 14.0625 20.72 0.395285
17.9375 14.0625 20.8 0.395285
17.9375 14.0625 20.88 0.388072
18 14.0625 20.96 0.395285
18 14.0625 21.04 0.388072
18 14.125 21.12 0.476865
18.0625 14.125 21.2 0.476865
18.0625 14.1875 21.28 0.406079
18.125 14.1875 21.36 0.476865
18.1875 14.25 21.44 0.424882
18.25 14.25 21.52 0.406079
18.3125 14.25 21.52 0.406079
18.375 14.3125 21.6 0.406079
18.4375 14.3125 21.68 0.406079
18.5 14.375 21.76 0.322064
18.5 14.375 21.84 0.296816
18.5625 14.375 21.92 0.296816
18.625 14.375 22 0.279508
18.6875 14.3125 22.08 0.322064
18.75 14.3125 22.16 0.343548
18.8125 14.25 22.24 0.343548
18.8125 14.1875 22.32 0.32
18.75 14.125 22.32 0.203039
18.6875 14.0625 22.4 0.203039
18.6875 14 22.48 0.203039
18.6875 13.9375 22.48 0.32
18.625 13.875 22.48 0.238432
18.5625 13.8125 22.56 0.343548
18.5 13.75 22.56 0.343548
18.4375 13.6875 22.56 0.343548
18.375 13.625 22.56 0.343548
18.3125 13.625 22.56 0.343548
18.25 13.625 22.56 0.343548
18.1875 13.625 22.56 0.365582
18.125 13.625 22.56 0.343548
18.0625 13.625 22.56 0.343548
18 13.5625 22.56 0.343548
17.9375 13.5625 22.56 0.32
17.875 13.5625 22.56 0.32
17.8125 13.5625 22.48 0.32
17.75 13.5 22.48 0.32
17.6875 13.5625 22.48 0.176777
17.625 13.5 22.48 0.32
17.5625 13.4375 22.48 0.32
17.5 13.375 22.56 0.32
17.4375 13.3125 22.56 0.32
17.375 13.3125 22.56 0.32
17.3125 13.3125 22.56 0.32
17.25 13.25 22.64 0.32
17.25 13.1875 22.64 0.343548
17.1875 13.125 22.64 0.343548
17.125 13.0625 22.72 0.343548
17.0625 13 22.8 0.25
17.0625 12.9375 22.88 0.238432
17 12.875 22.88 0.296816
17 12.8125 22.96 0.25
17 12.75 23.04 0.25
17 12.6875 23.12 0.25
17 12.625 23.2 0.25
17 12.625 23.28 0.238432
16.9375 12.5625 23.36 0.25
17 12.5 23.44 0.238432
17 12.5 23.52 0.238432
16.9375 12.4375 23.6 0.238432
16.875 12.375 23.68 0.296816
16.875 12.3125 23.76 0.296816
16.875 12.25 23.84 0.32
16.875 12.1875 23.84 0.32
16.875 12.125 23.92 0.238432
16.9375 12.0625 23.92 0.32
16.875 12 23.92 0.32
16.875 11.9375 23.92 0.32
16.875 11.875 23.92 0.32
16.9375 11.8125 23.84 0.343548
17 11.75 23.84 0.296816
17.0625 11.6875 23.76 0.238432
17.0625 11.625 23.76 0.32
17.125 11.5625 23.76 0.32
17.125 11.5 23.76 0.25
17.1875 11.4375 23.76 0.203039
17.25 11.375 23.76 0.16
17.1875 11.3125 23.76 0.203039
17.125 11.25 23.84 0.203039
17.0625 11.25 23.92 0.125
17 11.1875 23.92 0.16
16.9375 11.125 23.92 0.203039
16.875 11.1875 23.92 0.203039
16.8125 11.1875 24 0.238432
16.8125 11.25 24.08 0.203039
16.8125 11.3125 24.16 0.203039
16.75 11.375 24.16 0.238432
16.75 11.4375 24.16 0.203039
16.75 11.5 24.24 0.203039
16.8125 11.5625 24.24 0.203039
16.8125 11.625 24.24 0.238432
16.875 11.6875 24.24 0.238432
16.9375 11.75 24.24 0.203039
17 11.8125 24.32 0.203039
17.0625 11.8125 24.32 0.203039
17.125 11.875 24.4 0.203039
17.1875 11.875 24.4 0.32
17.25 11.8125 24.48 0.353553
17.25 11.8125 24.56 0.279508
17.25 11.8125 24.64 0.25
24 35
17.4375 14.4375 24.88 0.16
17.375 14.375 24.8 0.203039
17.3125 14.3125 24.8 0.203039
17.25 14.25 24.72 0.203039
17.1875 14.1875 24.64 0.203039
17.125 14.125 24.56 0.238432
17.125 14.0625 24.56 0.203039
17.0625 14 24.48 0.203039
17 13.9375 24.48 0.203039
17 13.875 24.48 0.125
16.9375 13.8125 24.48 0.125
16.875 13.75 24.48 0.125
16.8125 13.6875 24.48 0.125
16.75 13.625 24.4 0.203039
16.6875 13.5625 24.4 0.203039
16.6875 13.5 24.48 0.16
16.625 13.4375 24.48 0.16
16.5625 13.375 24.48 0.203039
16.5 13.3125 24.56 0.203039
16.4375 13.3125 24.56 0.238432
16.375 13.3125 24.64 0.203039
16.3125 13.3125 24.64 0.203039
16.25 13.3125 24.72 0.203039
16.1875 13.3125 24.8 0.203039
16.125 13.3125 24.8 0.203039
16.0625 13.25 24.88 0.203039
16 13.3125 24.96 0.16
15.9375 13.25 24.96 0.203039
15.875 13.3125 25.04 0.16
15.8125 13.3125 25.04 0.16
15.75 13.375 25.04 0.16
15.6875 13.375 25.04 0.125
15.625 13.4375 24.96 0.125
15.5625 13.5 24.88 0.16
15.5 13.4375 24.8 0.203039
25 25
15.5 13.4375 24.8 0.203039
15.4375 13.5 24.88 0.16
15.375 13.5 24.88 0.16
15.3125 13.5 24.88 0.16
15.25 13.5 24.88 0.125
15.1875 13.4375 24.8 0.125
15.125 13.375 24.72 0.203039
15.0625 13.4375 24.72 0.16
15 13.4375 24.72 0.16
14.9375 13.4375 24.64 0.203039
14.875 13.4375 24.64 0.203039
14.8125 13.5 24.64 0.16
14.75 13.5 24.64 0.16
14.6875 13.5625 24.64 0.16
14.625 13.625 24.64 0.16
14.5625 13.6875 24.64 0.16
14.5625 13.75 24.64 0.16
14.5 13.8125 24.72 0.125
14.4375 13.8125 24.64 0.203039
14.375 13.875 24.72 0.203039
14.3125 13.9375 24.8 0.203039
14.25 14 24.88 0.176777
14.1875 14.0625 24.96 0.238432
14.1875 14.125 25.04 0.203039
14.1875 14.1875 25.12 0.176777
26 17
14.1875 11.75 24.88 0.365582
14.125 11.75 24.88 0.296816
14.0625 11.6875 24.96 0.32
14 11.6875 24.96 0.238432
13.9375 11.625 24.96 0.238432
13.875 11.625 24.96 0.32
13.8125 11.625 24.96 0.238432
13.75 11.5625 24.96 0.238432
13.6875 11.5 24.96 0.238432
13.625 11.5 24.96 0.238432
13.5625 11.4375 24.96 0.238432
13.5 11.375 24.96 0.203039
13.4375 11.3125 24.96 0.203039
13.4375 11.25 25.04 0.16
13.375 11.1875 25.04 0.16
13.3125 11.125 25.04 0.16
13.25 11.0625 25.04 0.16
27 48
14.1875 11.75 24.88 0.365582
14.25 11.75 24.96 0.25
14.3125 11.75 25.04 0.203039
14.375 11.8125 25.12 0.16
14.4375 11.75 25.12 0.203039
14.5 11.75 25.12 0.203039
14.5625 11.75 25.12 0.203039
14.625 11.8125 25.2 0.16
14.6875 11.75 25.12 0.203039
14.75 11.8125 25.12 0.16
14.8125 11.8125 25.12 0.16
14.875 11.75 25.12 0.16
14.9375 11.6875 25.04 0.203039
15 11.6875 25.04 0.203039
15.0625 11.75 25.04 0.16
15.125 11.6875 25.04 0.16
15.1875 11.625 25.04 0.16
15.25 11.5625 24.96 0.203039
15.3125 11.625 24.96 0.16
15.375 11.5625 24.96 0.16
15.4375 11.5 24.96 0.203039
15.5 11.4375 25.04 0.16
15.5625 11.375 25.04 0.16
15.5625 11.3125 25.04 0.203039
15.625 11.25 25.12 0.203039
15.625 11.1875 25.2 0.203039
15.625 11.1875 25.28 0.16
15.625 11.125 25.36 0.125
15.625 11.0625 25.44 0.176777
15.6875 11.0625 25.52 0.16
15.625 11.0625 25.6 0.125
15.6875 11 25.68 0.16
15.6875 10.9375 25.76 0.16
15.6875 10.875 25.84 0.125
15.6875 10.8125 25.92 0.125
15.6875 10.75 26 0.125
15.6875 10.75 26.08 0.16
15.6875 10.6875 26.16 0.125
15.75 10.625 26.16 0.16
15.75 10.5625 26.24 0.16
15.8125 10.5 26.24 0.16
15.8125 10.4375 26.32 0.125
15.875 10.375 26.32 0.16
15.875 10.3125 26.32 0.16
15.875 10.25 26.4 0.125
15.875 10.1875 26.4 0.125
15.9375 10.125 26.4 0.16
15.9375 10.0625 26.4 0.16
28 26
18.75 11.375 24.56 0.25
18.75 11.4375 24.64 0.203039
18.6875 11.4375 24.72 0.203039
18.625 11.5 24.72 0.176777
18.5625 11.5 24.72 0.32
18.5 11.5625 24.8 0.238432
18.4375 11.5625 24.8 0.32
18.375 11.5625 24.8 0.32
18.3125 11.625 24.88 0.203039
18.25 11.6875 24.88 0.203039
18.1875 11.6875 24.88 0.238432
18.125 11.6875 24.88 0.32
18.0625 11.6875 24.88 0.32
18 11.6875 24.88 0.25
17.9375 11.6875 24.88 0.238432
17.875 11.75 24.88 0.203039
17.8125 11.75 24.88 0.203039
17.75 11.75 24.88 0.203039
17.6875 11.75 24.8 0.238432
17.625 11.75 24.8 0.32
17.5625 11.75 24.8 0.238432
17.5 11.8125 24.8 0.203039
17.4375 11.75 24.72 0.238432
17.375 11.75 24.72 0.25
17.3125 11.75 24.72 0.32
17.25 11.8125 24.64 0.25
29 48
17.25 11.8125 24.64 0.25
17.1875 11.75 24.72 0.238432
17.125 11.8125 24.72 0.203039
17.0625 11.8125 24.8 0.16
17 11.8125 24.8 0.16
16.9375 11.8125 24.8 0.16
16.875 11.75 24.8 0.203039
16.8125 11.75 24.8 0.203039
16.75 11.6875 24.8 0.203039
16.6875 11.75 24.8 0.16
16.625 11.75 24.8 0.125
16.5625 11.6875 24.8 0.125
16.5 11.625 24.8 0.16
16.4375 11.625 24.8 0.125
16.375 11.5625 24.72 0.125
16.3125 11.5 24.72 0.16
16.25 11.5 24.72 0.125
16.1875 11.4375 24.72 0.16
16.125 11.375 24.64 0.203039
16.0625 11.3125 24.64 0.203039
16 11.375 24.64 0.125
15.9375 11.3125 24.64 0.125
15.875 11.25 24.64 0.16
15.8125 11.1875 24.64 0.203039
15.75 11.125 24.72 0.203039
15.6875 11.0625 24.8 0.176777
15.625 11 24.88 0.203039
15.6875 11 24.96 0.125
15.625 11 25.04 0.125
15.625 11 25.12 0.125
15.625 10.9375 25.2 0.125
15.5625 10.875 25.28 0.203039
15.625 10.875 25.36 0.125
15.5625 10.875 25.44 0.16
15.625 10.8125 25.52 0.16
15.6875 10.8125 25.6 0.16
15.6875 10.75 25.68 0.16
15.75 10.6875 25.76 0.16
15.75 10.625 25.84 0.176777
15.8125 10.625 25.92 0.16
15.875 10.5625 26 0.125
15.9375 10.5 26 0.16
15.9375 10.4375 26.08 0.16
15.9375 10.375 26.08 0.16
15.9375 10.3125 26.16 0.125
16 10.25 26.16 0.16
16 10.1875 26.16 0.16
16.0625 10.125 26.16 0.16
30 22
19.875 11.125 24.32 0.125
19.8125 11.0625 24.32 0.16
19.75 11.0625 24.32 0.16
19.6875 11 24.32 0.203039
19.625 11 24.32 0.203039
19.5625 11 24.32 0.176777
19.5 10.9375 24.24 0.203039
19.4375 10.875 24.16 0.203039
19.375 10.875 24.08 0.203039
19.3125 10.9375 24 0.203039
19.25 11 24 0.16
19.1875 11.0625 24 0.16
19.125 11.0625 24 0.16
19.0625 11.125 24 0.16
19 11.125 24 0.203039
18.9375 11.1875 24.08 0.16
18.875 11.1875 24.08 0.176777
18.8125 11.25 24.16 0.176777
18.8125 11.25 24.24 0.176777
18.8125 11.3125 24.32 0.125
18.8125 11.375 24.4 0.125
18.75 11.375 24.48 0.203039
31 25
19.9375 11.25 24.64 0.16
20 11.1875 24.64 0.16
20 11.125 24.64 0.125
19.9375 11.0625 24.64 0.125
19.9375 11 24.56 0.125
19.875 10.9375 24.56 0.125
19.8125 10.875 24.56 0.16
19.75 10.8125 24.56 0.16
19.6875 10.75 24.56 0.16
19.625 10.6875 24.56 0.16
19.5625 10.625 24.64 0.16
19.5 10.625 24.64 0.16
19.4375 10.625 24.64 0.16
19.375 10.6875 24.64 0.16
19.3125 10.75 24.64 0.16
19.25 10.8125 24.64 0.16
19.1875 10.875 24.64 0.16
19.125 10.9375 24.64 0.16
19.0625 11 24.64 0.16
19 11.0625 24.64 0.16
19 11.125 24.64 0.16
18.9375 11.1875 24.64 0.16
18.9375 11.25 24.64 0.16
18.875 11.3125 24.64 0.16
18.8125 11.3125 24.56 0.203039
