33 0
1 8
15.625 14.375 2.96 0.16
15.6875 14.4375 3.04 0.32
15.75 14.5 3.12 0.48
15.8125 14.5625 3.2 0.64
15.875 14.625 3.28 0.8
15.9375 14.6875 3.36 0.96
16 14.75 3.44 1.12
16.0625 14.8125 3.52 1.28
2 5
16.0625 14.8125 3.52 1.28
16 14.75 3.6 1.44
16.0625 14.6875 3.6 1.44
16 14.625 3.68 1.31685
16.0625 14.5625 3.68 1.28259
3 14
16.0625 14.8125 3.52 1.28
16.0625 14.875 3.6 1.44
16.125 14.9375 3.6 1.44
16.1875 15 3.6 1.44
16.25 15.0625 3.68 1.37419
16.25 15.125 3.68 1.42444
16.3125 15.1875 3.68 1.48354
16.375 15.25 3.68 1.6
16.4375 15.3125 3.76 1.50147
16.5 15.375 3.76 1.62432
16.5625 15.4375 3.76 1.76
16.625 15.5 3.84 1.7087
16.6875 15.5625 3.92 1.83162
16.75 15.625 3.92 1.95592
4 57
16.0625 14.5625 3.68 1.28259
16 14.5 3.6 1.44
15.9375 14.4375 3.6 1.28866
15.875 14.375 3.6 1.22654
15.8125 14.3125 3.52 1.28
15.75 14.25 3.52 1.28
15.6875 14.1875 3.6 1.18771
15.625 14.125 3.6 1.22654
15.5625 14.0625 3.6 1.44
15.5 14 3.6 1.44
15.4375 13.9375 3.68 1.42676
15.375 13.875 3.68 1.6
15.3125 13.9375 3.76 1.43059
15.3125 13.9375 3.84 1.32853
15.3125 13.9375 3.92 1.23879
15.3125 13.9375 4 1.16422
15.3125 13.9375 4.08 1.10788
15.3125 13.9375 4.16 1.19216
15.25 14 4.24 1.06066
15.25 14 4.32 1.06066
15.3125 14 4.4 0.976281
15.25 14.0625 4.48 1.0248
15.3125 14.0625 4.56 0.940027
15.3125 14.0625 4.64 1.00581
15.3125 14.125 4.72 1.0248
15.375 14.125 4.8 0.940027
15.3125 14.1875 4.88 0.940027
15.375 14.1875 4.96 1.04553
15.375 14.25 5.04 1.04553
15.375 14.25 5.12 0.940027
15.375 14.3125 5.2 1.06066
15.375 14.3125 5.28 0.976281
15.4375 14.3125 5.36 0.976281
15.375 14.375 5.44 0.976281
15.375 14.375 5.52 0.989305
15.375 14.4375 5.6 0.951972
15.375 14.4375 5.68 1.06066
15.4375 14.4375 5.76 1.06066
15.4375 14.4375 5.84 1.06066
15.4375 14.5 5.92 1.09126
15.4375 14.5 6 1.06066
15.4375 14.5 6.08 1.07266
15.4375 14.5 6.16 1.06066
15.4375 14.5 6.24 1.06066
15.4375 14.5 6.32 1.07266
15.4375 14.5 6.4 1.07266
15.375 14.5 6.48 1.02739
15.375 14.5 6.56 1.07266
15.3125 14.5625 6.64 1.08408
15.3125 14.5625 6.72 1.01715
15.25 14.5 6.8 1.10369
15.1875 14.5625 6.88 1.09659
15.1875 14.5 6.96 1.21824
15.125 14.5 7.04 1.21824
15.0625 14.5 7.12 1.21824
15 14.4375 7.2 1.19216
14.9375 14.5 7.28 1.18111
5 151
16.0625 14.5625 3.68 1.28259
16.125 14.5625 3.68 1.33965
16.1875 14.5 3.68 1.37419
16.25 14.4375 3.76 1.15893
16.25 14.4375 3.84 1.06771
16.25 14.4375 3.92 0.95373
16.3125 14.375 4 0.849765
16.3125 14.375 4.08 0.736817
16.3125 14.375 4.16 0.644127
16.3125 14.375 4.24 0.581464
16.3125 14.375 4.32 0.559017
16.3125 14.375 4.4 0.619395
16.3125 14.375 4.48 0.55394
16.3125 14.4375 4.56 0.524976
16.3125 14.4375 4.64 0.55394
16.25 14.5 4.72 0.53033
16.3125 14.5 4.8 0.53033
16.3125 14.5625 4.88 0.609118
16.3125 14.625 4.96 0.609118
16.3125 14.6875 5.04 0.609118
16.3125 14.6875 5.12 0.53033
16.3125 14.75 5.2 0.55394
16.3125 14.8125 5.28 0.5
16.3125 14.8125 5.36 0.609118
16.3125 14.875 5.44 0.609118
16.3125 14.9375 5.52 0.55394
16.3125 15 5.6 0.609118
16.3125 15.0625 5.68 0.609118
16.3125 15.0625 5.76 0.53033
16.3125 15.125 5.84 0.609118
16.3125 15.125 5.92 0.55394
16.3125 15.1875 6 0.559017
16.375 15.1875 6.08 0.609118
16.375 15.25 6.16 0.593633
16.375 15.3125 6.24 0.55394
16.375 15.3125 6.32 0.619395
16.375 15.3125 6.4 0.621812
16.4375 15.375 6.48 0.658426
16.4375 15.4375 6.56 0.621812
16.5 15.4375 6.64 0.621812
16.5 15.4375 6.72 0.619395
16.5625 15.5 6.8 0.621812
16.5625 15.5 6.88 0.619395
16.5625 15.5 6.96 0.55394
16.625 15.5625 7.04 0.621812
16.625 15.5625 7.12 0.621812
16.6875 15.5625 7.2 0.53033
16.6875 15.625 7.28 0.55394
16.6875 15.625 7.36 0.621812
16.75 15.625 7.44 0.53033
16.75 15.625 7.52 0.53033
16.75 15.6875 7.6 0.53033
16.8125 15.6875 7.68 0.552743
16.8125 15.6875 7.76 0.524976
16.8125 15.6875 7.84 0.5
16.875 15.6875 7.92 0.53033
16.875 15.75 8 0.55394
16.9375 15.75 8.08 0.53033
16.9375 15.75 8.16 0.53033
16.9375 15.75 8.24 0.53033
17 15.6875 8.32 0.5
17 15.75 8.4 0.55394
17.0625 15.75 8.48 0.621812
17.0625 15.75 8.56 0.55394
17.0625 15.6875 8.64 0.53033
17.0625 15.6875 8.72 0.53033
17.125 15.6875 8.8 0.55394
17.125 15.6875 8.88 0.55394
17.1875 15.6875 8.96 0.621812
17.1875 15.6875 9.04 0.508576
17.25 15.625 9.12 0.478252
17.3125 15.625 9.2 0.53033
17.3125 15.625 9.28 0.55394
17.3125 15.625 9.36 0.55394
17.3125 15.625 9.44 0.53033
17.3125 15.5625 9.52 0.53033
17.375 15.5625 9.6 0.55394
17.4375 15.5625 9.68 0.5
17.4375 15.5625 9.76 0.5
17.4375 15.5625 9.84 0.53033
17.4375 15.5625 9.92 0.53033
17.5 15.5625 10 0.609118
17.5625 15.5 10.08 0.53033
17.5625 15.5 10.16 0.55394
17.5625 15.5 10.24 0.53033
17.625 15.5 10.32 0.53033
17.625 15.5 10.4 0.55394
17.625 15.5 10.48 0.53033
17.625 15.5 10.56 0.53033
17.6875 15.5 10.64 0.426439
17.6875 15.5 10.72 0.511517
17.75 15.4375 10.8 0.476865
17.75 15.4375 10.88 0.388072
17.75 15.4375 10.96 0.353553
17.75 15.4375 11.04 0.388072
17.75 15.4375 11.12 0.476865
17.8125 15.4375 11.2 0.426439
17.8125 15.4375 11.28 0.395285
17.8125 15.4375 11.36 0.395285
17.8125 15.4375 11.44 0.395285
17.875 15.4375 11.52 0.476865
17.875 15.4375 11.6 0.388072
17.875 15.5 11.68 0.424882
17.875 15.5625 11.76 0.388072
17.875 15.5625 11.84 0.353553
17.875 15.625 11.92 0.424882
17.875 15.625 12 0.375
17.875 15.625 12.08 0.375
17.875 15.625 12.16 0.375
17.8125 15.5625 12.24 0.450694
17.8125 15.5625 12.32 0.450694
17.875 15.5625 12.4 0.53033
17.875 15.5625 12.48 0.53033
17.875 15.5625 12.56 0.53033
17.875 15.5625 12.64 0.53033
17.875 15.5625 12.72 0.53033
17.875 15.5625 12.8 0.53033
17.875 15.5625 12.88 0.53033
17.9375 15.5625 12.96 0.478252
17.9375 15.5625 13.04 0.53033
17.9375 15.5625 13.12 0.5
17.9375 15.5625 13.2 0.524976
17.9375 15.5625 13.28 0.524976
17.9375 15.5625 13.36 0.5
17.9375 15.5 13.44 0.53033
18 15.5625 13.52 0.53033
18 15.5625 13.6 0.53033
18 15.5 13.68 0.53033
18.0625 15.5 13.76 0.552743
18.0625 15.5 13.84 0.559017
18.0625 15.5 13.92 0.515388
18.0625 15.5 14 0.524976
18.125 15.4375 14.08 0.552743
18.125 15.4375 14.16 0.55394
18.1875 15.4375 14.24 0.55394
18.1875 15.4375 14.32 0.55394
18.25 15.4375 14.4 0.53033
18.25 15.375 14.48 0.552743
18.25 15.375 14.56 0.55394
18.3125 15.375 14.64 0.552743
18.3125 15.375 14.72 0.619395
18.375 15.375 14.8 0.55394
18.375 15.375 14.88 0.55394
18.375 15.375 14.96 0.53033
18.4375 15.375 15.04 0.55394
18.4375 15.375 15.12 0.55394
18.5 15.375 15.2 0.658426
18.5 15.375 15.28 0.625
18.5625 15.375 15.36 0.707107
18.5625 15.375 15.44 0.707107
18.5625 15.375 15.52 0.724983
6 36
18 17.75 3.76 1.76
17.9375 17.6875 3.84 1.76443
17.9375 17.625 3.84 1.76886
17.875 17.5625 3.84 1.92
17.875 17.5 3.84 1.92
17.875 17.4375 3.84 1.92
17.875 17.375 3.84 1.92
17.875 17.3125 3.84 1.92
17.875 17.25 3.84 1.92
17.8125 17.1875 3.84 1.92
17.8125 17.125 3.84 1.92
17.75 17.0625 3.92 1.92406
17.6875 17 3.92 1.92406
17.625 16.9375 3.92 1.92406
17.5625 16.875 3.92 1.92406
17.5 16.8125 3.92 1.86768
17.5 16.75 3.92 1.92406
17.4375 16.6875 3.92 1.92406
17.4375 16.625 3.84 1.92
17.5 16.5625 3.84 1.92
17.4375 16.5 3.84 1.92
17.375 16.5 3.84 1.92
17.3125 16.5 3.84 1.92
17.25 16.4375 3.84 1.92
17.1875 16.375 3.84 1.92
17.125 16.3125 3.84 1.92
17.0625 16.25 3.84 1.92
17 16.1875 3.84 1.92
17 16.125 3.84 1.92
17 16.0625 3.84 1.92
16.9375 16 3.84 1.92
16.875 15.9375 3.84 1.92
16.875 15.875 3.92 1.82964
16.875 15.8125 3.92 1.86768
16.875 15.75 3.92 2.08
16.8125 15.6875 3.92 2.08
7 59
16.8125 15.625 4 1.8868
16.8125 15.625 4.08 1.75317
16.875 15.5625 4.16 1.42324
16.875 15.5625 4.24 1.62432
16.875 15.5625 4.32 1.42676
16.875 15.5625 4.4 1.30493
16.9375 15.5625 4.48 1.19216
17 15.5 4.56 1.06066
17 15.5 4.64 0.976281
17 15.5 4.72 1.00581
17.0625 15.5 4.8 0.883883
17.0625 15.5 4.88 0.95373
17.0625 15.5 4.96 0.854634
17.0625 15.5 5.04 0.776144
17.0625 15.5625 5.12 0.776144
17.125 15.5625 5.2 0.673146
17.125 15.5625 5.28 0.724983
17.125 15.625 5.36 0.644127
17.1875 15.5625 5.44 0.625
17.1875 15.625 5.52 0.645155
17.1875 15.625 5.6 0.707107
17.1875 15.6875 5.68 0.693109
17.1875 15.6875 5.76 0.707107
17.1875 15.75 5.84 0.693109
17.1875 15.75 5.92 0.707107
17.25 15.75 6 0.625
17.1875 15.8125 6.08 0.707107
17.25 15.8125 6.16 0.644127
17.1875 15.875 6.24 0.707107
17.25 15.875 6.32 0.70429
17.25 15.9375 6.4 0.812158
17.25 15.9375 6.48 0.70429
17.25 16 6.56 0.707107
17.3125 16 6.64 0.693109
17.3125 16.0625 6.72 0.812158
17.3125 16.0625 6.8 0.693109
17.3125 16.125 6.88 0.707107
17.375 16.125 6.96 0.625
17.3125 16.1875 7.04 0.715297
17.3125 16.25 7.12 0.645155
17.375 16.25 7.2 0.812158
17.375 16.25 7.28 0.715297
17.375 16.3125 7.36 0.715297
17.4375 16.3125 7.44 0.625
17.375 16.375 7.52 0.625
17.4375 16.375 7.6 0.715297
17.4375 16.4375 7.68 0.637377
17.4375 16.4375 7.76 0.707107
17.5 16.4375 7.84 0.625
17.5 16.4375 7.92 0.715297
17.5 16.5 8 0.637377
17.5 16.5 8.08 0.715297
17.5625 16.5 8.16 0.625
17.5625 16.5 8.24 0.625
17.5625 16.5 8.32 0.625
17.5625 16.5625 8.4 0.715297
17.625 16.5625 8.48 0.707107
17.625 16.5625 8.56 0.707107
17.625 16.625 8.64 0.625
8 40
14.9375 14.5 7.28 1.18111
14.875 14.5 7.2 1.21824
14.8125 14.5 7.2 1.09659
14.75 14.5625 7.28 1.12
14.6875 14.5625 7.28 1.12
14.625 14.625 7.28 1.0152
14.5625 14.6875 7.36 1.0152
14.5 14.625 7.36 1.0152
14.4375 14.6875 7.36 0.88353
14.375 14.75 7.44 0.943398
14.3125 14.8125 7.52 0.96
14.25 14.8125 7.52 0.96
14.1875 14.875 7.6 0.838153
14.125 14.9375 7.6 0.88353
14.125 15 7.6 0.821721
14.0625 15.0625 7.68 0.812158
14 15.0625 7.68 0.821721
13.9375 15.125 7.76 0.812158
13.875 15.1875 7.84 0.812158
13.875 15.25 7.84 0.812158
13.875 15.3125 7.84 0.809707
13.8125 15.375 7.92 0.812158
13.8125 15.4375 7.92 0.812158
13.75 15.5 8 0.70429
13.75 15.5 8.08 0.812158
13.6875 15.5625 8.16 0.812158
13.625 15.5625 8.16 0.812158
13.5625 15.625 8.24 0.821721
13.5 15.6875 8.32 0.812158
13.4375 15.75 8.4 0.812158
13.5 15.8125 8.4 0.821721
13.4375 15.875 8.48 0.736817
13.4375 15.9375 8.56 0.782768
13.375 16 8.64 0.812158
13.3125 16.0625 8.72 0.849765
13.25 16.0625 8.8 0.849765
13.25 16.125 8.88 0.776144
13.25 16.1875 8.88 0.849765
13.1875 16.25 8.96 0.812158
13.125 16.3125 9.04 0.812158
9 110
14.9375 14.5 7.28 1.18111
15 14.4375 7.36 1.04553
15 14.4375 7.44 1.0152
15 14.375 7.52 0.849765
15.0625 14.4375 7.6 0.741772
15 14.4375 7.68 0.619395
15 14.375 7.76 0.609118
14.9375 14.3125 7.84 0.5
14.9375 14.3125 7.92 0.541202
14.875 14.3125 8 0.492976
14.8125 14.3125 8.08 0.476865
14.75 14.375 8.16 0.541202
14.6875 14.375 8.24 0.609118
14.625 14.4375 8.32 0.55545
14.5625 14.4375 8.32 0.609118
14.5 14.4375 8.4 0.541202
14.4375 14.5 8.48 0.541202
14.375 14.5 8.48 0.55545
14.3125 14.5625 8.56 0.609118
14.25 14.625 8.64 0.541202
14.1875 14.6875 8.72 0.496009
14.1875 14.75 8.72 0.541202
14.125 14.8125 8.8 0.492976
14.125 14.875 8.88 0.492976
14.0625 14.9375 8.96 0.508576
14 15 9.04 0.478252
14 15.0625 9.12 0.609118
13.9375 15.0625 9.2 0.609118
13.875 15.125 9.28 0.621812
13.875 15.1875 9.36 0.658426
13.8125 15.1875 9.44 0.5
13.8125 15.25 9.52 0.515388
13.8125 15.25 9.6 0.55394
13.8125 15.3125 9.68 0.55394
13.8125 15.375 9.76 0.515388
13.8125 15.375 9.84 0.552743
13.75 15.4375 9.92 0.53033
13.75 15.4375 10 0.450694
13.75 15.4375 10.08 0.476865
13.75 15.5 10.16 0.476865
13.75 15.5625 10.24 0.476865
13.75 15.625 10.32 0.478252
13.75 15.625 10.4 0.450694
13.75 15.6875 10.48 0.508576
13.6875 15.6875 10.56 0.478252
13.6875 15.6875 10.64 0.53033
13.6875 15.6875 10.72 0.53033
13.6875 15.6875 10.8 0.450694
13.6875 15.75 10.88 0.478252
13.6875 15.75 10.96 0.53033
13.6875 15.75 11.04 0.53033
13.625 15.75 11.12 0.53033
13.625 15.75 11.2 0.53033
13.625 15.75 11.28 0.53033
13.625 15.75 11.36 0.53033
13.625 15.75 11.44 0.5
13.625 15.75 11.52 0.53033
13.625 15.75 11.6 0.450694
13.625 15.75 11.68 0.450694
13.5625 15.6875 11.76 0.53033
13.5 15.6875 11.84 0.53033
13.5 15.6875 11.92 0.53033
13.5 15.6875 12 0.53033
13.5 15.625 12.08 0.552743
13.5 15.625 12.16 0.53033
13.5 15.625 12.24 0.53033
13.5 15.625 12.32 0.53033
13.4375 15.5625 12.4 0.53033
13.4375 15.5625 12.48 0.53033
13.4375 15.5625 12.56 0.53033
13.4375 15.5625 12.64 0.53033
13.375 15.5 12.72 0.53033
13.375 15.5 12.8 0.53033
13.375 15.4375 12.88 0.53033
13.3125 15.4375 12.96 0.53033
13.3125 15.4375 13.04 0.53033
13.3125 15.375 13.12 0.53033
13.3125 15.375 13.2 0.53033
13.25 15.3125 13.28 0.53033
13.25 15.3125 13.36 0.53033
13.1875 15.3125 13.44 0.53033
13.1875 15.3125 13.52 0.609118
13.125 15.25 13.6 0.609118
13.125 15.25 13.68 0.55394
13.0625 15.25 13.76 0.621812
13.0625 15.25 13.84 0.524976
13 15.25 13.92 0.53033
13 15.1875 14 0.55394
12.9375 15.1875 14.08 0.552743
12.9375 15.1875 14.16 0.55394
12.875 15.1875 14.24 0.552743
12.875 15.1875 14.32 0.55394
12.8125 15.1875 14.4 0.55394
12.8125 15.1875 14.48 0.55394
12.75 15.1875 14.56 0.53033
12.75 15.1875 14.64 0.55394
12.75 15.1875 14.72 0.619395
12.6875 15.1875 14.8 0.55394
12.6875 15.1875 14.88 0.619395
12.6875 15.1875 14.96 0.55394
12.625 15.1875 15.04 0.53033
12.625 15.25 15.12 0.55394
12.625 15.25 15.2 0.619395
12.625 15.25 15.28 0.55394
12.5625 15.25 15.36 0.515388
12.5625 15.25 15.44 0.539653
12.5625 15.25 15.52 0.606651
12.5625 15.25 15.6 0.707107
12.5625 15.25 15.68 0.707107
12.5625 15.25 15.76 0.724983
10 85
18.5625 15.375 15.6 0.776144
18.5625 15.3125 15.68 0.809707
18.5 15.25 15.76 0.715297
18.5 15.1875 15.84 0.524976
18.4375 15.1875 15.92 0.552743
18.4375 15.125 16 0.609118
18.375 15.125 16.08 0.552743
18.4375 15.125 16.16 0.53033
18.4375 15.125 16.24 0.508576
18.4375 15.125 16.32 0.426439
18.4375 15.125 16.4 0.395285
18.4375 15.1875 16.48 0.375
18.4375 15.1875 16.56 0.353553
18.4375 15.1875 16.64 0.388072
18.4375 15.1875 16.72 0.353553
18.4375 15.1875 16.8 0.353553
18.4375 15.25 16.88 0.353553
18.4375 15.25 16.96 0.353553
18.4375 15.25 17.04 0.353553
18.4375 15.3125 17.12 0.353553
18.4375 15.3125 17.2 0.322064
18.4375 15.375 17.28 0.322064
18.4375 15.375 17.36 0.353553
18.4375 15.375 17.44 0.353553
18.4375 15.4375 17.52 0.322064
18.4375 15.4375 17.6 0.353553
18.4375 15.4375 17.68 0.353553
18.4375 15.4375 17.76 0.353553
18.4375 15.4375 17.84 0.279508
18.5 15.5 17.92 0.279508
18.5 15.5 18 0.279508
18.5 15.5 18.08 0.279508
18.5 15.5 18.16 0.279508
18.4375 15.4375 18.24 0.322064
18.4375 15.4375 18.32 0.353553
18.4375 15.4375 18.4 0.353553
18.375 15.4375 18.48 0.353553
18.375 15.4375 18.56 0.296816
18.375 15.375 18.64 0.322064
18.375 15.375 18.72 0.353553
18.375 15.3125 18.8 0.406079
18.3125 15.3125 18.88 0.406079
18.25 15.25 18.96 0.365582
18.3125 15.1875 18.96 0.365582
18.25 15.125 19.04 0.406079
18.1875 15.0625 19.04 0.353553
18.25 15 19.12 0.32
18.25 14.9375 19.2 0.203039
18.25 14.9375 19.28 0.16
18.25 14.875 19.36 0.125
18.3125 14.8125 19.36 0.16
18.3125 14.75 19.44 0.16
18.3125 14.6875 19.44 0.176777
18.375 14.625 19.52 0.203039
18.375 14.625 19.6 0.176777
18.4375 14.5625 19.68 0.176777
18.5 14.5625 19.76 0.176777
18.5625 14.5625 19.84 0.203039
18.625 14.5625 19.92 0.176777
18.6875 14.5625 19.92 0.203039
18.75 14.625 20 0.16
18.8125 14.6875 20.08 0.125
18.875 14.625 20.08 0.203039
18.9375 14.6875 20.16 0.16
19 14.6875 20.16 0.203039
19.0625 14.75 20.24 0.125
19.125 14.75 20.24 0.203039
19.1875 14.8125 20.32 0.203039
19.25 14.875 20.4 0.16
19.3125 14.9375 20.4 0.176777
19.375 15 20.48 0.203039
19.4375 15.0625 20.56 0.203039
19.5 15.0625 20.64 0.238432
19.5625 15.0625 20.72 0.238432
19.625 15.0625 20.8 0.176777
19.625 15.0625 20.88 0.238432
19.6875 15.0625 20.96 0.238432
19.6875 15.0625 21.04 0.238432
19.75 15.0625 21.12 0.238432
19.75 15.0625 21.2 0.203039
19.75 15 21.28 0.238432
19.8125 15 21.36 0.176777
19.8125 15 21.44 0.176777
19.8125 15 21.52 0.176777
19.875 15 21.6 0.203039
11 202
18.625 15.4375 15.6 0.812158
18.6875 15.5 15.68 0.809707
18.75 15.5625 15.76 0.698373
18.8125 15.625 15.84 0.658426
18.875 15.625 15.92 0.619395
18.875 15.6875 16 0.693109
18.875 15.6875 16.08 0.625
18.9375 15.75 16.16 0.625
18.9375 15.75 16.24 0.715297
19 15.8125 16.32 0.625
19 15.8125 16.4 0.715297
19.0625 15.875 16.48 0.715297
19.0625 15.9375 16.56 0.715297
19.0625 15.9375 16.64 0.621812
19.125 16 16.72 0.619395
19.125 16 16.8 0.621812
19.125 16.0625 16.88 0.53033
19.1875 16.0625 16.96 0.53033
19.1875 16.0625 17.04 0.508576
19.1875 16.125 17.12 0.450694
19.1875 16.125 17.2 0.450694
19.125 16.125 17.28 0.395285
19.1875 16.1875 17.36 0.395285
19.125 16.1875 17.44 0.450694
19.125 16.1875 17.52 0.450694
19.125 16.1875 17.6 0.450694
19.125 16.1875 17.68 0.476865
19.0625 16.1875 17.76 0.476865
19.0625 16.1875 17.84 0.476865
19 16.1875 17.92 0.476865
19 16.1875 18 0.426439
19 16.1875 18.08 0.395285
19 16.1875 18.16 0.388072
18.9375 16.1875 18.24 0.476865
18.9375 16.1875 18.32 0.375
18.875 16.125 18.4 0.476865
18.875 16.125 18.48 0.476865
18.875 16.125 18.56 0.388072
18.875 16.0625 18.64 0.388072
18.875 16.0625 18.72 0.424882
18.8125 16.0625 18.8 0.353553
18.8125 16 18.88 0.424882
18.8125 16 18.96 0.388072
18.8125 15.9375 19.04 0.476865
18.8125 15.9375 19.12 0.424882
18.8125 15.875 19.2 0.388072
18.75 15.875 19.28 0.388072
18.75 15.8125 19.36 0.388072
18.75 15.75 19.44 0.424882
18.6875 15.75 19.52 0.388072
18.6875 15.6875 19.6 0.476865
18.6875 15.625 19.68 0.424882
18.625 15.625 19.76 0.424882
18.5625 15.5625 19.84 0.476865
18.5 15.5 19.92 0.406079
18.5 15.4375 20 0.406079
18.4375 15.4375 20.08 0.353553
18.4375 15.375 20.16 0.322064
18.375 15.375 20.24 0.365582
18.3125 15.3125 20.32 0.406079
18.25 15.25 20.4 0.353553
18.25 15.1875 20.48 0.406079
18.1875 15.125 20.56 0.406079
18.1875 15.0625 20.64 0.406079
18.125 15 20.72 0.375
18.125 14.9375 20.72 0.406079
18.125 14.875 20.8 0.406079
18.125 14.8125 20.88 0.406079
18.125 14.75 20.96 0.406079
18.125 14.6875 21.04 0.406079
18.125 14.625 21.12 0.406079
18.125 14.5625 21.2 0.406079
18.125 14.5 21.28 0.406079
18.1875 14.4375 21.36 0.406079
18.1875 14.4375 21.44 0.406079
18.25 14.375 21.52 0.388072
18.3125 14.3125 21.6 0.424882
18.375 14.3125 21.68 0.424882
18.4375 14.3125 21.76 0.476865
18.5 14.3125 21.84 0.476865
18.5625 14.375 21.92 0.388072
18.625 14.375 22 0.388072
18.6875 14.4375 22.08 0.353553
18.6875 14.5 22.16 0.365582
18.6875 14.5625 22.24 0.296816
18.6875 14.625 22.24 0.296816
18.75 14.6875 22.32 0.388072
18.75 14.75 22.4 0.365582
18.75 14.8125 22.4 0.322064
18.75 14.875 22.48 0.406079
18.6875 14.9375 22.56 0.353553
18.625 15 22.56 0.353553
18.5625 15.0625 22.64 0.406079
18.5 15.125 22.72 0.406079
18.4375 15.1875 22.8 0.406079
18.4375 15.1875 22.88 0.296816
18.375 15.25 22.96 0.406079
18.3125 15.25 23.04 0.424882
18.3125 15.25 23.12 0.395285
18.3125 15.25 23.2 0.476865
18.3125 15.25 23.28 0.388072
18.25 15.25 23.36 0.388072
18.25 15.25 23.44 0.353553
18.3125 15.25 23.52 0.388072
18.3125 15.25 23.6 0.406079
18.375 15.25 23.68 0.388072
18.4375 15.1875 23.76 0.322064
18.5 15.1875 23.84 0.406079
18.5625 15.125 23.92 0.424882
18.625 15.0625 24 0.296816
18.625 15 24.08 0.343548
18.5625 14.9375 24.08 0.32
18.625 14.875 24.16 0.296816
18.625 14.8125 24.24 0.343548
18.5625 14.75 24.32 0.32
18.5 14.6875 24.32 0.343548
18.4375 14.625 24.4 0.279508
18.375 14.625 24.32 0.365582
18.3125 14.5625 24.32 0.322064
18.25 14.5625 24.32 0.353553
18.1875 14.5 24.32 0.353553
18.125 14.4375 24.32 0.322064
18.0625 14.4375 24.32 0.353553
18 14.375 24.32 0.322064
17.9375 14.375 24.32 0.406079
17.875 14.3125 24.4 0.279508
17.8125 14.25 24.4 0.279508
17.75 14.25 24.4 0.296816
17.6875 14.1875 24.4 0.322064
17.625 14.125 24.4 0.322064
17.5625 14.0625 24.4 0.353553
17.5 14 24.4 0.322064
17.4375 13.9375 24.4 0.322064
17.375 13.875 24.4 0.296816
17.375 13.8125 24.4 0.279508
17.3125 13.75 24.48 0.32
17.25 13.75 24.4 0.279508
17.1875 13.6875 24.48 0.32
17.125 13.625 24.48 0.343548
17.0625 13.5625 24.56 0.279508
17 13.5 24.64 0.296816
17 13.4375 24.72 0.365582
17 13.375 24.8 0.343548
16.9375 13.3125 24.88 0.296816
16.9375 13.25 24.96 0.25
16.9375 13.1875 25.04 0.279508
16.9375 13.25 25.12 0.296816
16.9375 13.25 25.2 0.322064
17 13.25 25.28 0.353553
17 13.3125 25.36 0.406079
17 13.25 25.44 0.322064
17 13.3125 25.52 0.25
17 13.3125 25.6 0.25
16.9375 13.375 25.68 0.238432
16.875 13.4375 25.68 0.238432
16.8125 13.4375 25.68 0.203039
16.75 13.4375 25.68 0.203039
16.6875 13.4375 25.68 0.176777
16.625 13.375 25.68 0.203039
16.5625 13.3125 25.76 0.203039
16.5 13.25 25.76 0.203039
16.5 13.1875 25.76 0.203039
16.5 13.125 25.76 0.203039
16.5 13.0625 25.76 0.203039
16.5625 13 25.68 0.203039
16.625 12.9375 25.6 0.32
16.6875 12.875 25.6 0.32
16.6875 12.8125 25.6 0.238432
16.75 12.75 25.6 0.203039
16.8125 12.6875 25.52 0.203039
16.875 12.6875 25.52 0.203039
16.9375 12.625 25.44 0.238432
17 12.5625 25.52 0.203039
17.0625 12.5625 25.52 0.176777
17.125 12.5 25.44 0.238432
17.125 12.4375 25.52 0.238432
17.1875 12.375 25.6 0.238432
17.1875 12.3125 25.6 0.32
17.1875 12.25 25.68 0.203039
17.125 12.1875 25.68 0.238432
17.0625 12.1875 25.68 0.25
17 12.1875 25.76 0.203039
16.9375 12.125 25.68 0.238432
16.875 12.125 25.76 0.238432
16.875 12.125 25.84 0.238432
16.8125 12.125 25.92 0.238432
16.75 12.1875 25.92 0.176777
16.75 12.25 26 0.203039
16.75 12.3125 26 0.203039
16.6875 12.375 26.08 0.32
16.625 12.4375 26.16 0.203039
16.625 12.5 26.16 0.238432
16.5625 12.5625 26.16 0.238432
16.625 12.625 26.24 0.238432
16.625 12.6875 26.24 0.32
16.6875 12.75 26.24 0.32
16.6875 12.8125 26.32 0.32
16.75 12.875 26.32 0.343548
16.8125 12.9375 26.4 0.343548
16.875 13 26.48 0.296816
16.9375 13 26.56 0.296816
17 13.0625 26.64 0.279508
12 183
28.875 15.9375 7.04 0.406079
28.8125 15.9375 7.12 0.406079
28.75 15.9375 7.12 0.424882
28.6875 15.875 7.2 0.424882
28.625 15.875 7.28 0.406079
28.5625 15.875 7.28 0.424882
28.5 15.875 7.36 0.406079
28.4375 15.8125 7.44 0.424882
28.375 15.8125 7.52 0.406079
28.3125 15.8125 7.52 0.424882
28.25 15.8125 7.6 0.424882
28.1875 15.75 7.6 0.424882
28.125 15.75 7.68 0.424882
28.0625 15.75 7.76 0.406079
28 15.75 7.76 0.424882
27.9375 15.6875 7.84 0.424882
27.875 15.6875 7.92 0.406079
27.8125 15.6875 7.92 0.424882
27.75 15.6875 8 0.48
27.6875 15.6875 8 0.406079
27.625 15.625 8.08 0.424882
27.5625 15.625 8.08 0.406079
27.5 15.5625 8.16 0.424882
27.4375 15.5625 8.16 0.424882
27.375 15.5625 8.24 0.406079
27.3125 15.5625 8.24 0.424882
27.25 15.5 8.32 0.406079
27.1875 15.5 8.32 0.424882
27.125 15.5 8.4 0.406079
27.0625 15.5 8.4 0.406079
27 15.5 8.4 0.406079
26.9375 15.4375 8.48 0.406079
26.875 15.4375 8.48 0.406079
26.8125 15.4375 8.56 0.406079
26.75 15.4375 8.56 0.48
26.6875 15.4375 8.56 0.406079
26.625 15.4375 8.64 0.406079
26.5625 15.4375 8.72 0.48
26.5 15.375 8.72 0.48
26.4375 15.375 8.72 0.48
26.375 15.375 8.72 0.424882
26.3125 15.375 8.72 0.406079
26.25 15.375 8.8 0.424882
26.1875 15.3125 8.8 0.424882
26.125 15.3125 8.8 0.406079
26.0625 15.3125 8.8 0.365582
26 15.3125 8.88 0.406079
25.9375 15.3125 8.88 0.48
25.875 15.25 8.88 0.375
25.8125 15.25 8.88 0.48
25.75 15.25 8.88 0.375
25.6875 15.25 8.96 0.424882
25.625 15.25 8.96 0.48
25.5625 15.25 8.96 0.48
25.5 15.25 8.96 0.48
25.4375 15.25 8.96 0.48
25.375 15.25 8.96 0.48
25.3125 15.25 8.96 0.375
25.25 15.3125 9.04 0.496009
25.1875 15.3125 9.04 0.511517
25.125 15.25 9.04 0.609118
25.0625 15.25 9.04 0.541202
25 15.25 9.04 0.476865
24.9375 15.25 9.12 0.496009
24.875 15.25 9.12 0.511517
24.8125 15.3125 9.12 0.496009
24.75 15.3125 9.12 0.496009
24.6875 15.3125 9.12 0.496009
24.625 15.3125 9.12 0.496009
24.5625 15.3125 9.2 0.48
24.5 15.25 9.2 0.48
24.4375 15.1875 9.2 0.541202
24.375 15.25 9.2 0.541202
24.3125 15.3125 9.2 0.511517
24.25 15.3125 9.2 0.496009
24.1875 15.3125 9.2 0.496009
24.125 15.25 9.28 0.496009
24.0625 15.25 9.28 0.511517
24 15.25 9.28 0.55545
23.9375 15.3125 9.28 0.55545
23.875 15.3125 9.28 0.511517
23.8125 15.375 9.28 0.496009
23.75 15.3125 9.36 0.496009
23.6875 15.3125 9.36 0.496009
23.625 15.3125 9.36 0.511517
23.5625 15.3125 9.36 0.541202
23.5 15.375 9.36 0.496009
23.4375 15.3125 9.44 0.496009
23.375 15.3125 9.44 0.541202
23.3125 15.3125 9.44 0.55545
23.25 15.3125 9.44 0.541202
23.1875 15.3125 9.52 0.496009
23.125 15.375 9.52 0.541202
23.0625 15.375 9.52 0.609118
23 15.4375 9.52 0.541202
22.9375 15.375 9.6 0.496009
22.875 15.375 9.6 0.541202
22.8125 15.4375 9.6 0.492976
22.75 15.375 9.6 0.53033
22.6875 15.375 9.6 0.450694
22.625 15.4375 9.68 0.496009
22.5625 15.4375 9.68 0.511517
22.5 15.5 9.68 0.541202
22.4375 15.5 9.68 0.609118
22.375 15.5 9.68 0.541202
22.3125 15.5625 9.76 0.496009
22.25 15.5625 9.76 0.541202
22.1875 15.5625 9.76 0.492976
22.125 15.625 9.76 0.492976
22.0625 15.625 9.76 0.55545
22 15.6875 9.76 0.476865
21.9375 15.6875 9.76 0.511517
21.875 15.6875 9.84 0.541202
21.8125 15.75 9.84 0.541202
21.75 15.8125 9.84 0.496009
21.6875 15.8125 9.84 0.48
21.625 15.8125 9.92 0.48
21.5625 15.8125 9.92 0.496009
21.5 15.8125 9.92 0.492976
21.4375 15.875 9.92 0.55545
21.375 15.9375 9.92 0.541202
21.3125 15.9375 9.92 0.511517
21.25 16 9.92 0.541202
21.1875 16.0625 9.92 0.496009
21.125 16 10 0.496009
21.0625 16 10 0.541202
21 16.0625 10 0.609118
20.9375 16.0625 10 0.55545
20.875 16.125 10 0.541202
20.8125 16.125 10 0.541202
20.75 16.125 10 0.511517
20.6875 16.1875 10.08 0.496009
20.625 16.1875 10.08 0.496009
20.5625 16.1875 10.08 0.496009
20.5 16.25 10.08 0.541202
20.4375 16.25 10.08 0.496009
20.375 16.3125 10.08 0.48
20.3125 16.3125 10.16 0.48
20.25 16.3125 10.16 0.48
20.1875 16.375 10.16 0.48
20.125 16.375 10.16 0.476865
20.0625 16.4375 10.16 0.48
20 16.4375 10.16 0.48
19.9375 16.4375 10.16 0.48
19.875 16.4375 10.16 0.424882
19.8125 16.5 10.24 0.406079
19.75 16.5 10.24 0.406079
19.6875 16.5 10.24 0.406079
19.625 16.4375 10.16 0.406079
19.5625 16.4375 10.16 0.406079
19.5 16.5 10.16 0.406079
19.4375 16.5 10.16 0.406079
19.375 16.5 10.16 0.48
19.3125 16.5 10.16 0.476865
19.25 16.5 10.16 0.424882
19.1875 16.5 10.16 0.406079
19.125 16.5 10.16 0.406079
19.0625 16.5 10.08 0.424882
19 16.5 10.08 0.407707
18.9375 16.5 10.08 0.476865
18.875 16.5625 10 0.48
18.8125 16.5625 10 0.48
18.75 16.5625 10 0.406079
18.6875 16.625 9.92 0.406079
18.625 16.625 9.92 0.406079
18.5625 16.6875 9.92 0.365582
18.5 16.625 9.84 0.406079
18.4375 16.625 9.76 0.496009
18.375 16.625 9.68 0.450694
18.3125 16.625 9.6 0.508576
18.25 16.6875 9.52 0.541202
18.1875 16.6875 9.44 0.5
18.125 16.6875 9.36 0.53033
18.0625 16.6875 9.28 0.450694
18.0625 16.6875 9.2 0.476865
18 16.6875 9.12 0.395285
18 16.6875 9.04 0.426439
17.9375 16.6875 8.96 0.492976
17.875 16.6875 8.88 0.609118
17.8125 16.6875 8.8 0.55545
17.75 16.6875 8.8 0.596154
17.6875 16.625 8.72 0.609118
17.625 16.625 8.64 0.625
13 91
17.625 16.625 8.64 0.625
17.5625 16.625 8.72 0.515388
17.5625 16.625 8.8 0.552743
17.5625 16.625 8.88 0.496009
17.5 16.6875 8.96 0.406079
17.4375 16.6875 9.04 0.406079
17.4375 16.6875 9.12 0.322064
17.4375 16.6875 9.2 0.279508
17.4375 16.6875 9.28 0.279508
17.4375 16.6875 9.36 0.279508
17.4375 16.6875 9.44 0.296816
17.4375 16.75 9.52 0.176777
17.4375 16.75 9.6 0.238432
17.4375 16.75 9.68 0.25
17.4375 16.75 9.76 0.279508
17.4375 16.75 9.84 0.322064
17.5 16.75 9.92 0.406079
17.5 16.75 10 0.353553
17.5 16.6875 10.08 0.388072
17.5 16.6875 10.16 0.388072
17.5625 16.6875 10.24 0.476865
17.5625 16.6875 10.32 0.406079
17.625 16.6875 10.4 0.424882
17.6875 16.6875 10.48 0.424882
17.75 16.625 10.56 0.406079
17.75 16.6875 10.64 0.322064
17.8125 16.6875 10.72 0.406079
17.875 16.6875 10.8 0.406079
17.9375 16.6875 10.88 0.365582
18 16.6875 10.88 0.406079
18.0625 16.6875 10.96 0.406079
18.125 16.6875 11.04 0.406079
18.1875 16.6875 11.12 0.388072
18.25 16.6875 11.2 0.388072
18.3125 16.75 11.28 0.406079
18.3125 16.75 11.36 0.476865
18.3125 16.8125 11.44 0.375
18.3125 16.8125 11.52 0.353553
18.3125 16.8125 11.6 0.353553
18.3125 16.8125 11.68 0.375
18.3125 16.875 11.76 0.406079
18.25 16.875 11.84 0.406079
18.1875 16.9375 11.92 0.406079
18.125 16.9375 12 0.343548
18.0625 17 12 0.296816
18 17 12.08 0.343548
17.9375 17 12.16 0.32
17.875 17.0625 12.16 0.32
17.8125 17.0625 12.24 0.238432
17.75 17.0625 12.24 0.296816
17.6875 17.0625 12.24 0.279508
17.625 17.125 12.24 0.32
17.5625 17.125 12.32 0.238432
17.5 17.125 12.32 0.343548
17.4375 17.125 12.4 0.343548
17.375 17.125 12.48 0.343548
17.3125 17.125 12.56 0.296816
17.25 17.125 12.64 0.322064
17.25 17.125 12.72 0.296816
17.1875 17.125 12.8 0.353553
17.1875 17.125 12.88 0.279508
17.1875 17.1875 12.96 0.296816
17.1875 17.1875 13.04 0.406079
17.1875 17.1875 13.12 0.353553
17.1875 17.1875 13.2 0.353553
17.1875 17.1875 13.28 0.322064
17.1875 17.25 13.36 0.322064
17.125 17.25 13.44 0.353553
17.125 17.25 13.52 0.279508
17.125 17.25 13.6 0.322064
17.125 17.25 13.68 0.279508
17.125 17.3125 13.76 0.406079
17.125 17.3125 13.84 0.406079
17.125 17.25 13.92 0.353553
17.125 17.25 14 0.353553
17.125 17.25 14.08 0.353553
17.1875 17.25 14.16 0.424882
17.1875 17.25 14.24 0.406079
17.25 17.1875 14.32 0.353553
17.25 17.125 14.4 0.406079
17.3125 17.0625 14.48 0.406079
17.3125 17 14.48 0.406079
17.375 16.9375 14.56 0.406079
17.375 16.875 14.64 0.406079
17.3125 16.875 14.72 0.388072
17.3125 16.875 14.8 0.353553
17.25 16.8125 14.88 0.388072
17.25 16.8125 14.96 0.375
17.1875 16.8125 15.04 0.406079
17.1875 16.75 15.12 0.406079
17.1875 16.6875 15.2 0.25
14 167
2.75 15.5625 6.08 0.476865
2.8125 15.5 6.16 0.476865
2.875 15.5 6.24 0.476865
2.9375 15.4375 6.32 0.492976
3 15.375 6.4 0.395285
3.0625 15.3125 6.48 0.388072
3.125 15.3125 6.56 0.424882
3.1875 15.25 6.64 0.424882
3.25 15.25 6.64 0.424882
3.3125 15.25 6.72 0.476865
3.375 15.1875 6.8 0.476865
3.4375 15.1875 6.88 0.424882
3.5 15.1875 6.88 0.476865
3.5625 15.125 6.96 0.476865
3.625 15.125 7.04 0.476865
3.6875 15.0625 7.12 0.496009
3.75 15 7.2 0.388072
3.8125 15 7.2 0.424882
3.875 15 7.28 0.424882
3.9375 14.9375 7.36 0.406079
4 14.9375 7.36 0.424882
4.0625 14.875 7.44 0.424882
4.125 14.875 7.52 0.406079
4.1875 14.9375 7.52 0.424882
4.25 14.875 7.6 0.406079
4.3125 14.875 7.6 0.424882
4.375 14.8125 7.68 0.388072
4.4375 14.8125 7.68 0.424882
4.5 14.8125 7.76 0.476865
4.5625 14.8125 7.84 0.406079
4.625 14.75 7.84 0.388072
4.6875 14.75 7.84 0.406079
4.75 14.75 7.92 0.424882
4.8125 14.75 8 0.406079
4.875 14.75 8 0.476865
4.9375 14.75 8.08 0.424882
5 14.75 8.08 0.424882
5.0625 14.6875 8.16 0.406079
5.125 14.75 8.16 0.424882
5.1875 14.6875 8.24 0.406079
5.25 14.6875 8.24 0.424882
5.3125 14.6875 8.32 0.406079
5.375 14.6875 8.32 0.424882
5.4375 14.6875 8.32 0.406079
5.5 14.6875 8.4 0.424882
5.5625 14.625 8.4 0.424882
5.625 14.625 8.48 0.406079
5.6875 14.625 8.48 0.424882
5.75 14.625 8.56 0.365582
5.8125 14.625 8.56 0.406079
5.875 14.625 8.56 0.406079
5.9375 14.625 8.64 0.365582
6 14.625 8.64 0.424882
6.0625 14.5625 8.64 0.406079
6.125 14.5625 8.64 0.406079
6.1875 14.625 8.72 0.343548
6.25 14.6875 8.72 0.343548
6.3125 14.625 8.72 0.343548
6.375 14.625 8.72 0.365582
6.4375 14.625 8.72 0.406079
6.5 14.625 8.72 0.406079
6.5625 14.625 8.72 0.424882
6.625 14.625 8.72 0.48
6.6875 14.625 8.8 0.424882
6.75 14.625 8.8 0.406079
6.8125 14.625 8.8 0.424882
6.875 14.625 8.8 0.48
6.9375 14.625 8.88 0.48
7 14.6875 8.88 0.424882
7.0625 14.6875 8.88 0.406079
7.125 14.6875 8.88 0.406079
7.1875 14.6875 8.88 0.406079
7.25 14.6875 8.96 0.406079
7.3125 14.6875 8.96 0.424882
7.375 14.6875 8.96 0.375
7.4375 14.75 8.96 0.48
7.5 14.75 8.96 0.48
7.5625 14.75 8.96 0.48
7.625 14.75 8.96 0.406079
7.6875 14.75 8.96 0.296816
7.75 14.75 8.96 0.322064
7.8125 14.75 8.96 0.322064
7.875 14.8125 8.96 0.365582
7.9375 14.8125 8.96 0.406079
8 14.8125 8.96 0.424882
8.0625 14.875 8.96 0.424882
8.125 14.875 8.96 0.48
8.1875 14.9375 9.04 0.406079
8.25 14.9375 9.04 0.424882
8.3125 14.9375 9.04 0.424882
8.375 15 9.04 0.406079
8.4375 15 9.04 0.424882
8.5 15 9.04 0.48
8.5625 15.0625 9.04 0.48
8.625 15.125 9.04 0.48
8.6875 15.125 9.04 0.48
8.75 15.1875 9.04 0.48
8.8125 15.1875 9.04 0.48
8.875 15.25 9.04 0.48
8.9375 15.3125 9.04 0.424882
9 15.3125 9.04 0.476865
9.0625 15.3125 9.04 0.511517
9.125 15.375 9.04 0.496009
9.1875 15.375 9.04 0.496009
9.25 15.4375 9.04 0.48
9.3125 15.5 9.04 0.48
9.375 15.5625 9.04 0.48
9.4375 15.625 9.04 0.48
9.5 15.6875 9.04 0.424882
9.5625 15.6875 9.04 0.48
9.625 15.6875 9.04 0.424882
9.6875 15.75 9.12 0.406079
9.75 15.8125 9.12 0.48
9.8125 15.875 9.12 0.48
9.875 15.9375 9.12 0.406079
9.9375 16 9.2 0.406079
10 16.0625 9.2 0.406079
10.0625 16.125 9.28 0.406079
10.125 16.125 9.28 0.48
10.1875 16.125 9.28 0.48
10.25 16.1875 9.36 0.496009
10.3125 16.1875 9.36 0.541202
10.375 16.25 9.44 0.48
10.4375 16.3125 9.44 0.496009
10.5 16.3125 9.44 0.476865
10.5625 16.3125 9.52 0.424882
10.625 16.3125 9.52 0.424882
10.6875 16.375 9.6 0.476865
10.75 16.4375 9.6 0.395285
10.8125 16.375 9.68 0.424882
10.875 16.4375 9.68 0.424882
10.9375 16.4375 9.76 0.424882
11 16.4375 9.76 0.424882
11.0625 16.5 9.84 0.424882
11.125 16.5 9.84 0.476865
11.1875 16.5625 9.84 0.541202
11.25 16.5625 9.84 0.476865
11.3125 16.5625 9.92 0.48
11.375 16.5625 9.92 0.375
11.4375 16.5625 9.92 0.395285
11.5 16.5625 9.92 0.496009
11.5625 16.5625 9.92 0.496009
11.625 16.5625 9.92 0.395285
11.6875 16.5625 9.92 0.375
11.75 16.5625 9.92 0.375
11.8125 16.5625 9.92 0.48
11.875 16.625 10 0.406079
11.9375 16.6875 10 0.406079
12 16.6875 10 0.406079
12.0625 16.625 9.92 0.424882
12.125 16.625 9.92 0.476865
12.1875 16.625 9.92 0.496009
12.25 16.6875 9.92 0.476865
12.3125 16.625 9.84 0.541202
12.375 16.625 9.84 0.496009
12.4375 16.625 9.76 0.407707
12.5 16.625 9.68 0.375
12.5625 16.5625 9.68 0.375
12.625 16.5625 9.6 0.476865
12.6875 16.5 9.52 0.476865
12.75 16.5 9.52 0.541202
12.8125 16.5 9.44 0.609118
12.875 16.4375 9.36 0.596154
12.9375 16.375 9.28 0.663965
13 16.3125 9.2 0.741772
13.0625 16.25 9.12 0.702157
13.125 16.3125 9.04 0.812158
15 286
13.125 16.3125 9.04 0.812158
13.1875 16.375 9.04 0.715297
13.25 16.4375 9.04 0.652093
13.3125 16.5 9.04 0.492976
13.375 16.5625 9.12 0.48
13.4375 16.625 9.2 0.343548
13.5 16.6875 9.28 0.296816
13.5 16.75 9.36 0.353553
13.5 16.8125 9.44 0.365582
13.5625 16.8125 9.52 0.296816
13.5625 16.875 9.6 0.353553
13.5625 16.9375 9.68 0.406079
13.5625 16.9375 9.76 0.353553
13.5 16.9375 9.84 0.424882
13.5 17 9.92 0.353553
13.5 17 10 0.353553
13.4375 17 10.08 0.388072
13.375 17 10.16 0.406079
13.3125 17.0625 10.24 0.406079
13.25 17.0625 10.32 0.406079
13.1875 17.0625 10.4 0.406079
13.125 17.0625 10.48 0.343548
13.0625 17.0625 10.56 0.343548
13 17.0625 10.64 0.343548
12.9375 17.0625 10.64 0.365582
12.875 17 10.72 0.406079
12.8125 16.9375 10.8 0.406079
12.75 16.9375 10.88 0.406079
12.75 16.875 10.96 0.353553
12.75 16.875 11.04 0.353553
12.75 16.875 11.12 0.353553
12.75 16.875 11.2 0.353553
12.8125 16.8125 11.28 0.424882
12.8125 16.8125 11.36 0.365582
12.875 16.875 11.44 0.322064
12.9375 16.875 11.44 0.296816
13 16.9375 11.52 0.343548
13.0625 16.875 11.52 0.343548
13.125 16.9375 11.6 0.343548
13.1875 16.9375 11.6 0.343548
13.25 16.9375 11.6 0.343548
13.3125 16.9375 11.68 0.343548
13.375 16.9375 11.68 0.365582
13.4375 16.9375 11.76 0.343548
13.5 16.9375 11.76 0.322064
13.5625 17 11.76 0.343548
13.625 17 11.84 0.343548
13.6875 17.0625 11.84 0.343548
13.75 17 11.92 0.343548
13.8125 17.0625 12 0.296816
13.875 17.0625 12.08 0.25
13.875 17.125 12.16 0.296816
13.9375 17.125 12.24 0.343548
13.9375 17.125 12.32 0.353553
13.9375 17.125 12.4 0.296816
13.875 17.1875 12.48 0.238432
13.875 17.1875 12.56 0.25
13.9375 17.25 12.64 0.343548
13.875 17.25 12.72 0.406079
13.875 17.1875 12.8 0.353553
13.8125 17.25 12.88 0.353553
13.8125 17.25 12.96 0.322064
13.75 17.25 13.04 0.353553
13.75 17.25 13.12 0.279508
13.6875 17.25 13.2 0.279508
13.6875 17.25 13.28 0.279508
13.6875 17.1875 13.36 0.322064
13.625 17.125 13.44 0.353553
13.625 17.125 13.52 0.296816
13.6875 17.125 13.6 0.296816
13.6875 17.0625 13.68 0.322064
13.6875 17 13.68 0.406079
13.6875 16.9375 13.76 0.353553
13.6875 16.9375 13.84 0.353553
13.75 16.875 13.92 0.424882
13.75 16.8125 14 0.388072
13.8125 16.8125 14.08 0.406079
13.8125 16.75 14.16 0.353553
13.8125 16.6875 14.24 0.406079
13.8125 16.6875 14.32 0.353553
13.8125 16.625 14.4 0.388072
13.8125 16.5625 14.48 0.388072
13.8125 16.5625 14.56 0.388072
13.8125 16.5625 14.64 0.353553
13.8125 16.5 14.72 0.353553
13.875 16.5 14.8 0.353553
13.875 16.5 14.88 0.424882
13.875 16.5 14.96 0.322064
13.875 16.5 15.04 0.279508
13.9375 16.5 15.12 0.296816
13.9375 16.5 15.2 0.353553
13.9375 16.5 15.28 0.353553
13.9375 16.5 15.36 0.353553
14 16.5 15.44 0.406079
14 16.5 15.52 0.406079
14 16.4375 15.6 0.353553
14.0625 16.4375 15.68 0.406079
14.0625 16.4375 15.76 0.395285
14.0625 16.4375 15.84 0.388072
14.0625 16.375 15.92 0.388072
14.0625 16.375 16 0.353553
14.125 16.375 16.08 0.424882
14.125 16.375 16.16 0.322064
14.1875 16.375 16.24 0.353553
14.1875 16.3125 16.32 0.388072
14.1875 16.3125 16.4 0.353553
14.25 16.3125 16.48 0.388072
14.25 16.3125 16.56 0.353553
14.25 16.3125 16.64 0.353553
14.25 16.3125 16.72 0.353553
14.25 16.3125 16.8 0.353553
14.1875 16.3125 16.88 0.353553
14.1875 16.3125 16.96 0.406079
14.125 16.3125 17.04 0.388072
14.125 16.3125 17.12 0.353553
14.0625 16.3125 17.2 0.424882
14.0625 16.3125 17.28 0.375
14.0625 16.3125 17.36 0.407707
14.0625 16.3125 17.44 0.450694
14.0625 16.3125 17.52 0.395285
14.0625 16.3125 17.6 0.388072
14 16.25 17.68 0.388072
14 16.25 17.76 0.476865
14 16.1875 17.84 0.388072
14 16.1875 17.92 0.388072
14 16.1875 18 0.353553
14.0625 16.125 18.08 0.353553
14.0625 16.125 18.16 0.353553
14.0625 16.0625 18.24 0.424882
14.0625 16.0625 18.32 0.424882
14.0625 16 18.4 0.353553
14.0625 16 18.48 0.353553
14.0625 16 18.56 0.353553
14.0625 16 18.64 0.353553
14.0625 15.9375 18.72 0.406079
14.125 15.9375 18.8 0.322064
14.125 15.875 18.88 0.296816
14.1875 15.875 18.96 0.406079
14.25 15.875 19.04 0.406079
14.25 15.875 19.12 0.388072
14.25 15.9375 19.2 0.406079
14.25 16 19.28 0.388072
14.25 16 19.36 0.388072
14.25 16 19.44 0.353553
14.1875 16.0625 19.52 0.279508
14.125 16.0625 19.6 0.406079
14.0625 16.0625 19.68 0.343548
14 16.0625 19.76 0.296816
13.9375 16.125 19.84 0.296816
13.875 16.1875 19.92 0.343548
13.8125 16.25 20 0.32
13.75 16.3125 20 0.32
13.6875 16.375 20 0.238432
13.625 16.4375 20 0.203039
13.5625 16.5 20 0.203039
13.5 16.5 19.92 0.238432
13.4375 16.5 20 0.238432
13.375 16.5625 19.92 0.238432
13.3125 16.5625 19.92 0.203039
13.25 16.5 19.84 0.343548
13.1875 16.4375 19.76 0.25
13.1875 16.375 19.76 0.32
13.1875 16.3125 19.76 0.32
13.1875 16.25 19.76 0.32
13.1875 16.1875 19.76 0.32
13.1875 16.125 19.76 0.32
13.25 16.0625 19.76 0.238432
13.25 16 19.84 0.203039
13.25 15.9375 19.84 0.238432
13.25 15.875 19.92 0.25
13.25 15.875 20 0.238432
13.25 15.8125 20.08 0.238432
13.3125 15.8125 20.16 0.176777
13.3125 15.875 20.24 0.203039
13.3125 15.875 20.32 0.25
13.3125 15.9375 20.4 0.238432
13.375 16 20.48 0.238432
13.375 16 20.56 0.238432
13.375 16.0625 20.64 0.203039
13.375 16.0625 20.72 0.238432
13.375 16 20.8 0.279508
13.4375 16 20.88 0.296816
13.4375 16 20.96 0.25
13.4375 16 21.04 0.25
13.4375 16 21.12 0.25
13.4375 16 21.2 0.25
13.4375 16 21.28 0.25
13.375 16 21.36 0.25
13.3125 16 21.36 0.238432
13.25 16 21.44 0.238432
13.25 16.0625 21.52 0.176777
13.1875 16 21.6 0.238432
13.125 16.0625 21.68 0.238432
13.0625 16.0625 21.76 0.238432
13 16.125 21.84 0.203039
12.9375 16.1875 21.92 0.238432
12.875 16.25 22 0.32
12.8125 16.3125 22 0.343548
12.75 16.375 22 0.365582
12.6875 16.4375 22 0.353553
12.6875 16.5 22 0.406079
12.6875 16.5625 22 0.343548
12.625 16.625 21.92 0.343548
12.625 16.6875 21.92 0.343548
12.625 16.75 21.92 0.406079
12.625 16.8125 21.92 0.343548
12.625 16.875 21.84 0.343548
12.625 16.9375 21.84 0.406079
12.6875 17 21.84 0.343548
12.6875 17.0625 21.76 0.365582
12.6875 17.125 21.76 0.343548
12.75 17.1875 21.76 0.32
12.8125 17.25 21.68 0.343548
12.875 17.3125 21.68 0.343548
12.9375 17.3125 21.68 0.32
13 17.375 21.68 0.32
13.0625 17.375 21.68 0.32
13.125 17.4375 21.68 0.32
13.1875 17.4375 21.68 0.32
13.25 17.4375 21.68 0.32
13.3125 17.4375 21.6 0.343548
13.375 17.4375 21.6 0.296816
13.4375 17.5 21.6 0.32
13.5 17.5 21.6 0.32
13.5625 17.5625 21.6 0.32
13.625 17.5625 21.6 0.32
13.6875 17.625 21.6 0.32
13.75 17.5625 21.68 0.32
13.8125 17.625 21.68 0.32
13.875 17.6875 21.68 0.32
13.9375 17.6875 21.76 0.32
14 17.6875 21.76 0.343548
14.0625 17.6875 21.76 0.406079
14.125 17.6875 21.84 0.406079
14.1875 17.625 21.92 0.353553
14.25 17.625 21.92 0.406079
14.3125 17.5625 22 0.406079
14.3125 17.5 22.08 0.343548
14.3125 17.4375 22.08 0.365582
14.375 17.375 22.08 0.343548
14.375 17.3125 22.16 0.343548
14.375 17.25 22.16 0.296816
14.375 17.1875 22.24 0.25
14.375 17.125 22.24 0.25
14.4375 17.0625 22.32 0.25
14.4375 17 22.32 0.32
14.4375 16.9375 22.4 0.32
14.5 16.875 22.48 0.238432
14.5625 16.8125 22.48 0.238432
14.5625 16.75 22.56 0.279508
14.625 16.6875 22.64 0.296816
14.6875 16.625 22.72 0.343548
14.75 16.5625 22.8 0.238432
14.6875 16.5 22.8 0.238432
14.75 16.4375 22.88 0.238432
14.8125 16.375 22.96 0.203039
14.875 16.3125 23.04 0.203039
14.875 16.25 23.04 0.203039
14.875 16.1875 23.04 0.203039
14.9375 16.125 23.12 0.203039
15 16.125 23.2 0.16
15.0625 16.0625 23.2 0.16
15.0625 16 23.28 0.125
15.0625 15.9375 23.2 0.203039
15.0625 15.875 23.2 0.203039
15.125 15.8125 23.28 0.203039
15.125 15.75 23.28 0.203039
15.1875 15.6875 23.36 0.203039
15.25 15.625 23.44 0.16
15.3125 15.5625 23.44 0.16
15.25 15.5 23.44 0.203039
15.3125 15.4375 23.52 0.16
15.3125 15.375 23.52 0.203039
15.375 15.3125 23.6 0.16
15.4375 15.25 23.68 0.16
15.4375 15.1875 23.76 0.125
15.375 15.125 23.68 0.176777
15.4375 15.0625 23.76 0.203039
15.5 15 23.84 0.203039
15.5 14.9375 23.84 0.203039
15.5 14.875 23.92 0.176777
15.5 14.8125 23.92 0.176777
15.5625 14.75 24 0.203039
15.625 14.6875 24.08 0.203039
15.6875 14.6875 24.16 0.238432
15.75 14.625 24.24 0.296816
16 43
12.5625 15.25 15.84 0.776144
12.625 15.1875 15.92 0.8
12.6875 15.125 16 0.687095
12.6875 15.0625 16.08 0.609118
12.75 15.0625 16.16 0.476865
12.75 15 16.24 0.478252
12.75 14.9375 16.32 0.609118
12.8125 14.9375 16.4 0.609118
12.875 14.875 16.48 0.541202
12.875 14.8125 16.56 0.53033
12.9375 14.8125 16.64 0.450694
12.9375 14.8125 16.72 0.476865
13 14.8125 16.8 0.375
13 14.8125 16.88 0.424882
13.0625 14.8125 16.96 0.353553
13.0625 14.8125 17.04 0.353553
13.0625 14.8125 17.12 0.353553
13.125 14.8125 17.2 0.353553
13.125 14.8125 17.28 0.353553
13.125 14.8125 17.36 0.353553
13.125 14.8125 17.44 0.353553
13.125 14.875 17.52 0.353553
13.125 14.875 17.6 0.353553
13.125 14.875 17.68 0.353553
13.125 14.875 17.76 0.353553
13.125 14.9375 17.84 0.353553
13.125 14.9375 17.92 0.353553
13.125 14.9375 18 0.353553
13.125 14.9375 18.08 0.322064
13.0625 14.9375 18.16 0.353553
13.0625 14.9375 18.24 0.279508
13.0625 15 18.32 0.322064
13.0625 15 18.4 0.353553
13.0625 15 18.48 0.353553
13.0625 14.9375 18.56 0.353553
13.0625 14.9375 18.64 0.365582
13.0625 14.875 18.72 0.322064
13 14.8125 18.8 0.322064
13.0625 14.8125 18.88 0.343548
13.0625 14.75 18.96 0.343548
13.0625 14.6875 18.96 0.343548
13.0625 14.625 19.04 0.343548
13.125 14.5625 19.04 0.343548
17 37
12.5625 15.3125 15.84 0.724983
12.5625 15.375 15.92 0.70429
12.5 15.4375 16 0.715297
12.4375 15.5 16.08 0.658426
12.375 15.5 16.16 0.55394
12.4375 15.5625 16.24 0.619395
12.4375 15.5625 16.32 0.559017
12.4375 15.5625 16.4 0.581464
12.4375 15.5625 16.48 0.715297
12.375 15.5625 16.56 0.625
12.4375 15.625 16.64 0.581464
12.375 15.625 16.72 0.625
12.375 15.625 16.8 0.715297
12.375 15.6875 16.88 0.559017
12.375 15.6875 16.96 0.581464
12.375 15.6875 17.04 0.559017
12.375 15.6875 17.12 0.55394
12.375 15.6875 17.2 0.53033
12.375 15.6875 17.28 0.53033
12.375 15.6875 17.36 0.5
12.375 15.6875 17.44 0.53033
12.375 15.6875 17.52 0.53033
12.375 15.6875 17.6 0.492976
12.4375 15.6875 17.68 0.450694
12.4375 15.6875 17.76 0.450694
12.4375 15.6875 17.84 0.450694
12.4375 15.6875 17.92 0.476865
12.5 15.6875 18 0.375
12.5 15.625 18.08 0.375
12.5 15.625 18.16 0.395285
12.5 15.625 18.24 0.395285
12.5 15.625 18.32 0.395285
12.5 15.625 18.4 0.395285
12.5 15.625 18.48 0.375
12.5 15.625 18.56 0.375
12.5625 15.625 18.64 0.353553
12.5625 15.625 18.72 0.353553
18 20
16 12.125 26.64 0.203039
16.0625 12.1875 26.64 0.203039
16.0625 12.25 26.64 0.203039
16.0625 12.3125 26.64 0.203039
16.125 12.375 26.72 0.203039
16.125 12.4375 26.8 0.203039
16.1875 12.5 26.88 0.16
16.25 12.5625 26.96 0.125
16.3125 12.625 26.96 0.125
16.375 12.6875 26.96 0.125
16.4375 12.75 26.96 0.16
16.5 12.8125 26.96 0.16
16.5625 12.875 26.96 0.16
16.625 12.9375 26.96 0.16
16.6875 13 26.96 0.125
16.75 13 26.96 0.16
16.8125 13 26.88 0.203039
16.875 13 26.88 0.203039
16.9375 13 26.8 0.238432
17 13.0625 26.72 0.25
19 41
17.0625 13.0625 26.64 0.343548
17.125 13.0625 26.72 0.32
17.1875 13.0625 26.72 0.32
17.25 13.0625 26.72 0.238432
17.3125 13.0625 26.72 0.203039
17.375 13 26.8 0.203039
17.4375 13 26.8 0.203039
17.5 13 26.8 0.238432
17.5625 12.9375 26.8 0.25
17.625 12.9375 26.8 0.32
17.6875 12.9375 26.8 0.32
17.75 12.9375 26.8 0.238432
17.8125 12.875 26.8 0.32
17.875 12.875 26.8 0.32
17.9375 12.8125 26.8 0.238432
18 12.8125 26.8 0.203039
18.0625 12.75 26.8 0.238432
18.125 12.75 26.8 0.238432
18.1875 12.6875 26.8 0.238432
18.25 12.6875 26.8 0.203039
18.3125 12.625 26.8 0.238432
18.375 12.5625 26.8 0.238432
18.4375 12.5625 26.8 0.238432
18.5 12.5 26.8 0.238432
18.5625 12.5 26.8 0.203039
18.625 12.4375 26.8 0.203039
18.6875 12.375 26.8 0.203039
18.75 12.4375 26.8 0.16
18.8125 12.375 26.8 0.16
18.875 12.3125 26.8 0.16
18.9375 12.3125 26.8 0.16
19 12.25 26.8 0.16
19.0625 12.1875 26.8 0.16
19.125 12.1875 26.8 0.16
19.1875 12.1875 26.8 0.16
19.25 12.125 26.8 0.16
19.3125 12.125 26.8 0.16
19.375 12.0625 26.8 0.16
19.4375 12.0625 26.8 0.16
19.5 12.0625 26.8 0.16
19.5625 12.0625 26.8 0.16
20 4
17.125 16.5 15.04 0.125
17.125 16.5625 15.04 0.125
17.1875 16.625 15.12 0.125
17.1875 16.6875 15.2 0.25
21 20
17.1875 16.6875 15.2 0.25
17.125 16.75 15.28 0.322064
17.125 16.75 15.36 0.353553
17.125 16.75 15.44 0.375
17.125 16.75 15.52 0.353553
17.125 16.75 15.6 0.353553
17.125 16.75 15.68 0.388072
17.125 16.6875 15.76 0.424882
17.125 16.6875 15.84 0.407707
17.125 16.6875 15.92 0.388072
17.125 16.6875 16 0.353553
17.1875 16.625 16.08 0.353553
17.1875 16.625 16.16 0.353553
17.1875 16.625 16.24 0.353553
17.1875 16.625 16.32 0.322064
17.1875 16.5625 16.4 0.322064
17.1875 16.5625 16.48 0.279508
17.1875 16.5625 16.56 0.353553
17.1875 16.5625 16.64 0.353553
17.1875 16.5 16.72 0.424882
22 177
17.125 16.5 16.8 0.388072
17.125 16.5 16.88 0.353553
17.125 16.5 16.96 0.388072
17.1875 16.5 17.04 0.388072
17.1875 16.5 17.12 0.353553
17.1875 16.5 17.2 0.353553
17.1875 16.5 17.28 0.375
17.1875 16.5 17.36 0.395285
17.1875 16.5 17.44 0.395285
17.125 16.5 17.52 0.426439
17.125 16.5 17.6 0.395285
17.0625 16.5 17.68 0.476865
17.0625 16.5 17.76 0.406079
17.0625 16.4375 17.84 0.353553
17.0625 16.4375 17.92 0.353553
17 16.4375 18 0.353553
17.0625 16.4375 18.08 0.424882
17.0625 16.375 18.16 0.406079
17 16.375 18.24 0.296816
17 16.3125 18.32 0.322064
17 16.3125 18.4 0.406079
17 16.25 18.48 0.406079
17.0625 16.25 18.56 0.296816
17.0625 16.1875 18.64 0.353553
17.0625 16.125 18.72 0.353553
17.0625 16.125 18.8 0.406079
17.125 16.0625 18.88 0.406079
17.125 16.0625 18.96 0.353553
17.125 16.0625 19.04 0.353553
17.0625 16 19.12 0.476865
17.0625 16 19.2 0.395285
17.0625 16 19.28 0.406079
17 16 19.36 0.353553
17 16 19.44 0.353553
17 16 19.52 0.296816
16.9375 16.0625 19.6 0.279508
16.875 16.125 19.68 0.296816
16.8125 16.1875 19.76 0.343548
16.8125 16.1875 19.84 0.343548
16.875 16.25 19.92 0.296816
16.9375 16.3125 20 0.279508
17 16.375 20 0.279508
17.0625 16.375 20 0.343548
17.125 16.4375 20 0.238432
17.1875 16.4375 20 0.343548
17.25 16.5 20 0.32
17.3125 16.4375 20 0.25
17.375 16.5 19.92 0.32
17.4375 16.5 19.92 0.32
17.5 16.5 19.92 0.32
17.5625 16.5625 19.92 0.203039
17.625 16.5 19.84 0.203039
17.6875 16.5 19.84 0.238432
17.75 16.5 19.84 0.238432
17.8125 16.5 19.84 0.203039
17.875 16.5625 19.84 0.16
17.9375 16.5625 19.76 0.203039
18 16.5625 19.76 0.238432
18.0625 16.625 19.84 0.203039
18.125 16.5625 19.92 0.238432
18.1875 16.5625 20 0.238432
18.1875 16.5 20.08 0.296816
18.1875 16.4375 20.16 0.279508
18.1875 16.375 20.24 0.238432
18.25 16.375 20.32 0.203039
18.1875 16.3125 20.4 0.203039
18.125 16.25 20.4 0.238432
18.0625 16.1875 20.48 0.25
18.0625 16.125 20.56 0.25
18 16.125 20.64 0.25
18 16.0625 20.72 0.296816
17.9375 16.0625 20.8 0.296816
17.9375 16 20.88 0.238432
17.875 16 20.96 0.25
17.875 16 21.04 0.25
17.875 16 21.12 0.25
17.9375 15.9375 21.2 0.238432
17.9375 15.9375 21.28 0.25
17.9375 15.9375 21.36 0.296816
17.875 16 21.44 0.25
17.9375 16 21.52 0.25
18 16 21.6 0.296816
18 16 21.68 0.279508
18 16.0625 21.76 0.32
18.0625 16.125 21.84 0.238432
18.125 16.1875 21.92 0.203039
18.1875 16.25 22 0.203039
18.1875 16.25 22.08 0.279508
18.25 16.3125 22.16 0.296816
18.25 16.375 22.16 0.296816
18.3125 16.4375 22.16 0.343548
18.375 16.5 22.24 0.32
18.4375 16.5625 22.24 0.32
18.5 16.625 22.16 0.343548
18.5 16.6875 22.16 0.238432
18.5625 16.75 22.08 0.32
18.625 16.8125 22.08 0.343548
18.5625 16.875 22 0.32
18.625 16.9375 22 0.238432
18.5625 17 21.92 0.32
18.5625 17.0625 21.92 0.238432
18.5625 17.125 21.84 0.296816
18.5 17.1875 21.76 0.279508
18.5 17.25 21.68 0.343548
18.4375 17.3125 21.68 0.296816
18.4375 17.375 21.6 0.343548
18.375 17.4375 21.6 0.343548
18.3125 17.4375 21.6 0.32
18.25 17.5 21.6 0.32
18.1875 17.5 21.6 0.32
18.125 17.5625 21.6 0.32
18.0625 17.5625 21.52 0.343548
18 17.5625 21.52 0.343548
17.9375 17.5625 21.52 0.343548
17.875 17.625 21.52 0.343548
17.8125 17.5625 21.52 0.343548
17.75 17.625 21.52 0.343548
17.6875 17.5625 21.6 0.32
17.625 17.625 21.6 0.32
17.5625 17.625 21.6 0.343548
17.5 17.6875 21.6 0.32
17.4375 17.625 21.68 0.32
17.375 17.625 21.68 0.343548
17.3125 17.625 21.68 0.406079
17.25 17.6875 21.76 0.343548
17.1875 17.625 21.76 0.406079
17.125 17.625 21.84 0.343548
17.0625 17.625 21.84 0.406079
17 17.5625 21.92 0.343548
16.9375 17.5 21.92 0.406079
16.875 17.4375 22 0.343548
16.875 17.375 22 0.296816
16.8125 17.3125 22.08 0.343548
16.8125 17.25 22.08 0.343548
16.75 17.1875 22.16 0.296816
16.75 17.125 22.24 0.343548
16.75 17.0625 22.32 0.343548
16.75 17 22.4 0.238432
16.6875 16.9375 22.48 0.25
16.75 16.875 22.56 0.296816
16.75 16.8125 22.64 0.296816
16.75 16.75 22.72 0.25
16.75 16.75 22.8 0.238432
16.75 16.6875 22.88 0.238432
16.6875 16.625 22.96 0.238432
16.6875 16.5625 23.04 0.238432
16.6875 16.5 23.12 0.203039
16.6875 16.4375 23.2 0.203039
16.625 16.375 23.28 0.203039
16.625 16.3125 23.28 0.203039
16.625 16.25 23.36 0.16
16.5625 16.1875 23.36 0.203039
16.5625 16.125 23.36 0.203039
16.5 16.0625 23.44 0.203039
16.4375 16 23.52 0.176777
16.4375 15.9375 23.52 0.238432
16.4375 15.875 23.52 0.238432
16.4375 15.8125 23.52 0.203039
16.4375 15.75 23.6 0.16
16.375 15.6875 23.6 0.203039
16.3125 15.625 23.68 0.203039
16.3125 15.5625 23.68 0.203039
16.3125 15.5 23.76 0.203039
16.25 15.4375 23.84 0.203039
16.25 15.375 23.84 0.238432
16.25 15.3125 23.92 0.203039
16.1875 15.25 23.92 0.238432
16.1875 15.1875 23.92 0.203039
16.125 15.125 24 0.203039
16.125 15.0625 24 0.176777
16.0625 15 24 0.203039
16.0625 14.9375 24.08 0.203039
16 14.875 24.08 0.203039
15.9375 14.8125 24.16 0.16
15.875 14.75 24.16 0.238432
15.8125 14.6875 24.24 0.203039
15.75 14.625 24.24 0.296816
23 27
15.75 14.625 24.24 0.296816
15.75 14.5625 24.32 0.238432
15.6875 14.5 24.4 0.25
15.625 14.4375 24.48 0.25
15.625 14.375 24.56 0.279508
15.625 14.3125 24.64 0.279508
15.5625 14.3125 24.72 0.296816
15.5625 14.25 24.8 0.343548
15.5625 14.1875 24.88 0.343548
15.5625 14.125 24.96 0.25
15.5625 14.0625 25.04 0.25
15.5625 14.0625 25.12 0.238432
15.5625 14 25.2 0.25
15.5625 13.9375 25.28 0.296816
15.5625 13.9375 25.36 0.296816
15.5625 13.9375 25.44 0.25
15.625 13.875 25.52 0.25
15.5625 13.875 25.6 0.279508
15.5625 13.8125 25.68 0.279508
15.5625 13.8125 25.76 0.279508
15.5625 13.8125 25.84 0.279508
15.625 13.8125 25.92 0.279508
15.625 13.8125 26 0.279508
15.625 13.8125 26.08 0.279508
15.625 13.8125 26.16 0.279508
15.625 13.8125 26.24 0.279508
15.6875 13.8125 26.32 0.279508
24 15
13 13.6875 19.04 0.203039
13 13.75 19.04 0.203039
13.0625 13.8125 19.04 0.16
13.125 13.875 18.96 0.203039
13.1875 13.9375 18.96 0.16
13.25 14 18.96 0.16
13.3125 14.0625 18.88 0.16
13.3125 14.125 18.88 0.16
13.3125 14.1875 18.88 0.16
13.3125 14.25 18.88 0.16
13.25 14.3125 18.96 0.125
13.3125 14.375 18.96 0.125
13.25 14.4375 18.96 0.16
13.1875 14.5 19.04 0.203039
13.125 14.5625 19.04 0.343548
25 37
13.125 14.5625 19.04 0.343548
13.0625 14.5 19.12 0.32
13.0625 14.4375 19.2 0.203039
13 14.375 19.28 0.176777
13 14.3125 19.36 0.203039
13 14.25 19.44 0.203039
12.9375 14.1875 19.52 0.203039
12.9375 14.125 19.6 0.203039
12.875 14.125 19.68 0.203039
12.8125 14.125 19.76 0.176777
12.75 14.125 19.84 0.176777
12.6875 14.125 19.92 0.203039
12.625 14.125 20 0.203039
12.5625 14.125 20.08 0.203039
12.5 14.125 20.08 0.203039
12.4375 14.1875 20.16 0.203039
12.375 14.1875 20.24 0.203039
12.3125 14.25 20.32 0.203039
12.25 14.3125 20.4 0.203039
12.1875 14.3125 20.48 0.203039
12.125 14.375 20.56 0.203039
12.0625 14.375 20.56 0.203039
12 14.4375 20.64 0.203039
11.9375 14.4375 20.64 0.203039
11.875 14.4375 20.72 0.203039
11.8125 14.4375 20.72 0.203039
11.75 14.4375 20.8 0.203039
11.6875 14.375 20.8 0.238432
11.625 14.375 20.8 0.203039
11.5625 14.375 20.88 0.203039
11.5 14.3125 20.96 0.203039
11.4375 14.25 21.04 0.203039
11.375 14.1875 21.12 0.203039
11.3125 14.125 21.2 0.238432
11.3125 14.125 21.28 0.203039
11.3125 14.0625 21.36 0.176777
11.3125 14.0625 21.44 0.203039
26 68
12.5625 15.625 18.72 0.353553
12.5625 15.625 18.8 0.353553
12.5625 15.625 18.88 0.353553
12.5625 15.5625 18.96 0.388072
12.5625 15.5625 19.04 0.375
12.5625 15.5625 19.12 0.353553
12.5625 15.5 19.2 0.375
12.5625 15.5 19.28 0.375
12.5625 15.5 19.36 0.375
12.5625 15.5 19.44 0.388072
12.5625 15.5 19.52 0.406079
12.5625 15.4375 19.6 0.388072
12.5625 15.4375 19.68 0.375
12.5625 15.4375 19.76 0.353553
12.5625 15.375 19.84 0.388072
12.5625 15.375 19.92 0.375
12.5625 15.375 20 0.375
12.5625 15.3125 20.08 0.353553
12.5625 15.3125 20.16 0.406079
12.625 15.3125 20.24 0.296816
12.625 15.25 20.32 0.25
12.625 15.1875 20.4 0.343548
12.625 15.125 20.4 0.343548
12.6875 15.0625 20.48 0.32
12.6875 15 20.48 0.32
12.75 14.9375 20.4 0.406079
12.8125 14.875 20.32 0.25
12.8125 14.875 20.24 0.296816
12.875 14.875 20.16 0.406079
12.9375 14.875 20.08 0.406079
13 14.875 20.08 0.48
13.0625 14.875 20.08 0.48
13.125 14.875 20.08 0.48
13.1875 14.8125 20 0.48
13.25 14.8125 20 0.48
13.3125 14.75 20 0.48
13.375 14.75 20 0.48
13.4375 14.6875 20 0.48
13.5 14.6875 20 0.48
13.5625 14.625 20.08 0.424882
13.625 14.5625 20.16 0.407707
13.6875 14.5 20.24 0.375
13.6875 14.5 20.32 0.407707
13.75 14.5 20.4 0.388072
13.75 14.4375 20.48 0.450694
13.75 14.4375 20.56 0.407707
13.75 14.4375 20.64 0.375
13.75 14.375 20.72 0.375
13.75 14.375 20.8 0.375
13.75 14.375 20.88 0.375
13.6875 14.4375 20.96 0.476865
13.6875 14.4375 21.04 0.395285
13.625 14.4375 21.12 0.476865
13.625 14.4375 21.2 0.476865
13.5625 14.4375 21.28 0.476865
13.5 14.4375 21.36 0.476865
13.5 14.5 21.44 0.476865
13.4375 14.5 21.52 0.476865
13.4375 14.5 21.6 0.476865
13.375 14.5 21.68 0.395285
13.375 14.5625 21.76 0.375
13.3125 14.5625 21.84 0.476865
13.25 14.5625 21.92 0.407707
13.25 14.5625 22 0.476865
13.1875 14.5625 22.08 0.476865
13.1875 14.5625 22.16 0.476865
13.125 14.625 22.24 0.407707
13.125 14.625 22.32 0.375
27 14
16 12.125 26.64 0.203039
16.0625 12.0625 26.56 0.16
16.0625 12 26.56 0.16
16.0625 11.9375 26.56 0.16
16.0625 11.875 26.56 0.16
16.125 11.8125 26.56 0.16
16.125 11.75 26.64 0.125
16.125 11.6875 26.72 0.16
16.125 11.625 26.64 0.203039
16.0625 11.5625 26.72 0.176777
16.0625 11.5625 26.8 0.176777
16.0625 11.5 26.88 0.176777
16.0625 11.5 26.96 0.176777
16.0625 11.5 27.04 0.203039
28 22
15.875 12.125 26.64 0.203039
15.8125 12.1875 26.64 0.176777
15.75 12.25 26.64 0.203039
15.75 12.3125 26.72 0.16
15.6875 12.375 26.72 0.16
15.625 12.4375 26.8 0.16
15.5625 12.5 26.88 0.16
15.5 12.5 26.96 0.125
15.4375 12.5625 27.04 0.16
15.375 12.625 27.04 0.16
15.3125 12.625 27.12 0.125
15.25 12.625 27.12 0.16
15.1875 12.6875 27.12 0.16
15.125 12.6875 27.12 0.16
15.0625 12.6875 27.12 0.16
15 12.75 27.12 0.16
14.9375 12.75 27.12 0.16
14.875 12.8125 27.12 0.16
14.8125 12.8125 27.12 0.16
14.75 12.8125 27.04 0.203039
14.6875 12.75 27.04 0.32
14.625 12.8125 26.96 0.343548
29 6
15.875 12.0625 26.72 0.203039
15.875 12 26.72 0.238432
15.875 11.9375 26.8 0.238432
15.9375 11.875 26.88 0.238432
15.9375 11.8125 26.96 0.238432
15.9375 11.8125 27.04 0.176777
30 38
15.6875 13.8125 26.32 0.279508
15.625 13.8125 26.4 0.279508
15.5625 13.875 26.48 0.238432
15.5 13.8125 26.56 0.176777
15.4375 13.8125 26.64 0.176777
15.375 13.75 26.72 0.176777
15.3125 13.6875 26.72 0.203039
15.25 13.625 26.8 0.16
15.1875 13.5625 26.72 0.203039
15.125 13.5 26.64 0.203039
15.125 13.5 26.56 0.125
15.0625 13.5 26.48 0.16
15 13.5 26.48 0.16
14.9375 13.5 26.48 0.16
14.875 13.5625 26.48 0.16
14.8125 13.625 26.48 0.16
14.75 13.6875 26.48 0.16
14.6875 13.75 26.48 0.16
14.6875 13.8125 26.48 0.16
14.625 13.875 26.48 0.16
14.5625 13.9375 26.48 0.203039
14.5625 14 26.56 0.16
14.5 14.0625 26.56 0.16
14.4375 14.125 26.56 0.203039
14.4375 14.1875 26.64 0.16
14.375 14.25 26.64 0.16
14.3125 14.3125 26.64 0.16
14.25 14.375 26.72 0.16
14.1875 14.4375 26.72 0.16
14.125 14.4375 26.72 0.203039
14.0625 14.5 26.8 0.16
14 14.5625 26.8 0.203039
14 14.625 26.88 0.16
13.9375 14.6875 26.88 0.203039
13.9375 14.75 26.96 0.16
13.875 14.8125 26.96 0.203039
13.8125 14.875 26.96 0.176777
13.8125 14.9375 26.96 0.203039
31 46
15.6875 13.8125 26.32 0.279508
15.75 13.875 26.4 0.32
15.8125 13.875 26.48 0.203039
15.875 13.8125 26.56 0.203039
15.875 13.8125 26.64 0.176777
15.9375 13.8125 26.72 0.125
16 13.8125 26.8 0.16
16.0625 13.75 26.8 0.203039
16.125 13.75 26.88 0.16
16.1875 13.8125 26.88 0.16
16.25 13.75 26.88 0.16
16.3125 13.6875 26.88 0.16
16.375 13.625 26.88 0.203039
16.4375 13.625 26.8 0.203039
16.5 13.625 26.8 0.203039
16.5625 13.625 26.88 0.125
16.625 13.625 26.8 0.125
16.6875 13.625 26.72 0.203039
16.75 13.625 26.72 0.203039
16.8125 13.6875 26.64 0.203039
16.875 13.75 26.64 0.203039
16.9375 13.8125 26.64 0.16
17 13.875 26.64 0.16
17.0625 13.9375 26.64 0.16
17.125 14 26.64 0.16
17.1875 14.0625 26.64 0.125
17.25 14.125 26.64 0.125
17.1875 14.1875 26.64 0.203039
17.25 14.25 26.72 0.16
17.3125 14.3125 26.72 0.125
17.375 14.375 26.72 0.125
17.375 14.4375 26.72 0.16
17.375 14.5 26.72 0.203039
17.375 14.5625 26.72 0.203039
17.4375 14.625 26.8 0.125
17.5 14.6875 26.8 0.125
17.5625 14.75 26.8 0.125
17.5625 14.8125 26.72 0.203039
17.625 14.875 26.8 0.125
17.5625 14.9375 26.8 0.203039
17.5625 15 26.8 0.203039
17.5625 15.0625 26.8 0.203039
17.625 15.125 26.88 0.125
17.625 15.1875 26.96 0.125
17.625 15.25 27.04 0.16
17.5625 15.3125 27.12 0.125
32 101
13.125 14.625 22.32 0.375
13.0625 14.5625 22.4 0.476865
13.0625 14.625 22.48 0.375
13.0625 14.625 22.56 0.388072
13.0625 14.5625 22.64 0.388072
13 14.5625 22.72 0.388072
13 14.5625 22.8 0.388072
12.9375 14.5625 22.88 0.395285
12.9375 14.625 22.96 0.426439
12.9375 14.625 23.04 0.476865
12.875 14.625 23.12 0.407707
12.875 14.625 23.2 0.450694
12.875 14.625 23.28 0.395285
12.875 14.625 23.36 0.395285
12.875 14.625 23.44 0.375
12.875 14.625 23.52 0.375
12.8125 14.625 23.6 0.395285
12.8125 14.625 23.68 0.476865
12.8125 14.5625 23.76 0.476865
12.8125 14.5625 23.84 0.48
12.8125 14.5 23.92 0.343548
12.8125 14.4375 24 0.296816
12.8125 14.375 24.08 0.296816
12.875 14.3125 24.16 0.32
12.9375 14.25 24.16 0.32
13 14.1875 24.24 0.343548
13.0625 14.125 24.24 0.406079
13.125 14.0625 24.24 0.353553
13.1875 14.0625 24.24 0.48
13.25 14.0625 24.24 0.322064
13.3125 14 24.24 0.388072
13.375 14 24.24 0.353553
13.4375 13.9375 24.24 0.388072
13.5 13.9375 24.24 0.406079
13.5625 13.875 24.24 0.388072
13.625 13.875 24.24 0.353553
13.6875 13.8125 24.24 0.406079
13.75 13.8125 24.24 0.406079
13.8125 13.8125 24.24 0.343548
13.875 13.75 24.24 0.32
13.9375 13.6875 24.24 0.32
14 13.6875 24.24 0.32
14.0625 13.625 24.24 0.343548
14.125 13.625 24.24 0.406079
14.1875 13.625 24.24 0.353553
14.25 13.5625 24.24 0.388072
14.3125 13.5625 24.24 0.353553
14.375 13.5 24.24 0.322064
14.4375 13.4375 24.32 0.406079
14.5 13.375 24.4 0.343548
14.5625 13.3125 24.48 0.296816
14.625 13.25 24.56 0.279508
14.6875 13.25 24.64 0.343548
14.75 13.25 24.72 0.343548
14.75 13.1875 24.8 0.296816
14.75 13.1875 24.88 0.25
14.75 13.1875 24.96 0.279508
14.6875 13.1875 25.04 0.322064
14.6875 13.1875 25.12 0.279508
14.75 13.1875 25.2 0.353553
14.75 13.25 25.28 0.296816
14.75 13.25 25.36 0.279508
14.8125 13.3125 25.44 0.296816
14.8125 13.375 25.52 0.296816
14.875 13.375 25.6 0.203039
14.9375 13.3125 25.68 0.203039
15 13.3125 25.68 0.203039
15.0625 13.25 25.68 0.238432
15.125 13.1875 25.76 0.176777
15.125 13.125 25.68 0.203039
15.125 13.0625 25.68 0.203039
15.125 13 25.68 0.203039
15.125 12.9375 25.6 0.203039
15.0625 12.875 25.6 0.238432
15.0625 12.8125 25.6 0.238432
15 12.75 25.52 0.238432
14.9375 12.6875 25.52 0.238432
14.875 12.625 25.44 0.238432
14.875 12.5625 25.44 0.176777
14.8125 12.5 25.52 0.238432
14.875 12.4375 25.6 0.203039
14.8125 12.375 25.6 0.176777
14.8125 12.3125 25.68 0.203039
14.875 12.25 25.76 0.203039
14.9375 12.1875 25.84 0.203039
14.9375 12.25 25.92 0.203039
15 12.1875 26 0.25
15 12.25 26.08 0.238432
15.0625 12.25 26.16 0.279508
15.0625 12.3125 26.24 0.25
15.0625 12.375 26.24 0.279508
15.0625 12.4375 26.24 0.32
15.0625 12.5 26.32 0.343548
15 12.5625 26.4 0.279508
15 12.625 26.4 0.343548
14.9375 12.6875 26.48 0.343548
14.875 12.75 26.56 0.343548
14.8125 12.75 26.64 0.296816
14.75 12.8125 26.72 0.343548
14.6875 12.8125 26.8 0.296816
14.625 12.8125 26.88 0.406079
33 18
13.5 12.375 26.96 0.32
13.5625 12.4375 26.96 0.238432
13.625 12.5 26.96 0.203039
13.6875 12.5 26.96 0.203039
13.75 12.5 27.04 0.203039
13.8125 12.5625 27.04 0.176777
13.875 12.5625 27.04 0.238432
13.9375 12.625 27.04 0.238432
14 12.6875 27.04 0.203039
14.0625 12.6875 27.04 0.203039
14.125 12.6875 27.04 0.203039
14.1875 12.75 27.04 0.203039
14.25 12.75 27.04 0.238432
14.3125 12.75 27.04 0.32
14.375 12.75 27.04 0.238432
14.4375 12.8125 26.96 0.238432
14.5 12.8125 26.96 0.343548
14.5625 12.8125 26.96 0.343548
