55 0
1 49
15 14.5625 0.08 0.16
15.0625 14.625 0.16 0.32
15.125 14.6875 0.24 0.48
15.1875 14.75 0.32 0.64
15.25 14.8125 0.4 0.8
15.3125 14.875 0.48 0.96
15.375 14.9375 0.56 1.12
15.4375 15 0.64 1.28
15.5 15.0625 0.72 1.44
15.4375 15.0625 0.8 1.6
15.375 15 0.88 1.76
15.3125 14.9375 0.96 1.92
15.25 14.875 1.04 2.08
15.1875 14.8125 1.12 2.24
15.125 14.75 1.2 2.4
15.0625 14.6875 1.28 2.56
15.0625 14.625 1.36 2.72
15.0625 14.5625 1.44 2.88
15.0625 14.5625 1.52 3.04
15.0625 14.5625 1.6 3.2
15.125 14.5625 1.68 3.36
15.125 14.625 1.76 3.1241
15.1875 14.5625 1.84 2.89462
15.1875 14.625 1.92 3.00293
15.1875 14.625 2 3.04559
15.25 14.625 2.08 2.65165
15.25 14.625 2.16 3.04559
15.3125 14.625 2.24 2.56479
15.3125 14.625 2.32 2.92117
15.3125 14.6875 2.4 2.80315
15.3125 14.75 2.48 2.8453
15.375 14.75 2.56 2.49055
15.4375 14.75 2.64 2.5639
15.4375 14.75 2.72 2.69039
15.4375 14.8125 2.8 2.68366
15.4375 14.875 2.88 2.84255
15.5 14.8125 2.96 2.5639
15.5625 14.8125 3.04 2.5639
15.5625 14.875 3.12 2.62276
15.625 14.8125 3.2 2.47487
15.625 14.875 3.28 2.5639
15.6875 14.875 3.36 2.47487
15.6875 14.875 3.44 2.5639
15.6875 14.9375 3.52 2.5639
15.6875 14.9375 3.6 2.43336
15.75 14.9375 3.68 2.49055
15.75 14.9375 3.76 2.43336
15.8125 15 3.84 2.43336
15.875 15 3.92 2.47487
2 11
15.875 15 3.92 2.47487
15.9375 15.0625 3.92 2.61585
16 15.0625 4 2.56457
16.0625 15.125 4.08 2.58883
16.125 15.125 4.16 2.50077
16.1875 15.1875 4.16 2.2981
16.25 15.25 4.24 2.48725
16.3125 15.25 4.32 2.51536
16.375 15.3125 4.32 2.43968
16.4375 15.375 4.4 2.43647
16.5 15.4375 4.48 2.43647
3 55
15.875 15 3.92 2.47487
15.8125 15 4 2.55944
15.75 14.9375 4.08 2.57521
15.6875 14.9375 4.16 2.2853
15.6875 14.9375 4.24 2.16449
15.625 14.875 4.32 2.11723
15.5625 14.875 4.4 1.77499
15.5625 14.875 4.48 1.83391
15.5 14.875 4.56 1.72228
15.4375 14.875 4.64 1.62841
15.375 14.875 4.72 1.41421
15.375 14.8125 4.8 1.42128
15.375 14.75 4.88 1.30493
15.375 14.6875 4.96 1.23744
15.3125 14.6875 5.04 1.07529
15.3125 14.6875 5.12 1.08713
15.3125 14.6875 5.2 1.0879
15.3125 14.625 5.28 1.10788
15.25 14.6875 5.36 1.10788
15.1875 14.75 5.44 1.2052
15.1875 14.75 5.52 1.15244
15.1875 14.6875 5.6 1.26219
15.25 14.625 5.68 1.36921
15.1875 14.625 5.76 1.24774
15.1875 14.6875 5.84 1.43059
15.125 14.6875 5.92 1.27814
15.125 14.75 6 1.32877
15.125 14.75 6.08 1.32877
15.125 14.75 6.16 1.27814
15.0625 14.75 6.24 1.27814
15.0625 14.75 6.32 1.32727
15.0625 14.75 6.4 1.32877
15.0625 14.75 6.48 1.32877
15 14.75 6.56 1.32877
15 14.8125 6.64 1.32727
14.9375 14.8125 6.72 1.36921
14.9375 14.875 6.8 1.32853
14.875 14.8125 6.88 1.43059
14.875 14.8125 6.96 1.17756
14.8125 14.8125 7.04 1.24774
14.8125 14.8125 7.12 1.27814
14.75 14.875 7.2 1.36921
14.75 14.8125 7.28 1.24774
14.6875 14.8125 7.36 1.23744
14.625 14.875 7.44 1.31685
14.625 14.875 7.52 1.42128
14.5625 14.875 7.6 1.23744
14.5625 14.875 7.68 1.23744
14.5 14.9375 7.76 1.23744
14.4375 14.9375 7.84 1.23744
14.4375 14.9375 7.92 1.23744
14.375 15 8 1.23744
14.3125 15 8.08 1.23879
14.3125 15 8.16 1.23744
14.25 15.0625 8.24 1.15244
4 14
16.5 15.4375 4.48 2.43647
16.5625 15.5 4.48 2.41622
16.5625 15.5625 4.48 2.41299
16.625 15.625 4.56 2.21109
16.625 15.6875 4.56 2.21462
16.6875 15.75 4.64 2.23343
16.75 15.8125 4.64 2.23343
16.75 15.875 4.64 2.23343
16.8125 15.9375 4.72 2.23343
16.875 15.9375 4.72 2.23343
16.9375 16 4.8 2.29105
16.9375 16.0625 4.8 2.26773
17 16.125 4.88 2.19673
17.0625 16.1875 4.96 2.16449
5 187
16.5 15.4375 4.48 2.43647
16.5 15.375 4.56 2.0549
16.4375 15.375 4.64 2.11353
16.4375 15.375 4.72 1.95628
16.375 15.3125 4.8 1.82735
16.375 15.3125 4.88 1.56979
16.375 15.25 4.96 1.50666
16.4375 15.25 5.04 1.42444
16.4375 15.1875 5.12 1.34792
16.375 15.125 5.2 1.0879
16.4375 15.0625 5.28 1.15232
16.4375 15 5.36 0.889508
16.375 15 5.44 1.0152
16.375 15 5.52 0.894553
16.375 15 5.6 0.788051
16.375 15 5.68 0.702157
16.375 15 5.76 0.645155
16.4375 15 5.84 0.637377
16.4375 15 5.92 0.657153
16.375 15.0625 6 0.707107
16.4375 15.0625 6.08 0.637377
16.4375 15.0625 6.16 0.707107
16.4375 15.0625 6.24 0.707107
16.4375 15.0625 6.32 0.707107
16.5 15.0625 6.4 0.707107
16.5 15.0625 6.48 0.645155
16.5 15.125 6.56 0.625
16.5 15.125 6.64 0.707107
16.5 15.125 6.72 0.645155
16.5 15.125 6.8 0.625
16.5625 15.1875 6.88 0.707107
16.5625 15.1875 6.96 0.724983
16.5625 15.1875 7.04 0.724983
16.5625 15.1875 7.12 0.707107
16.625 15.1875 7.2 0.637377
16.625 15.1875 7.28 0.637377
16.625 15.25 7.36 0.707107
16.625 15.25 7.44 0.724983
16.6875 15.25 7.52 0.707107
16.6875 15.25 7.6 0.724983
16.6875 15.3125 7.68 0.707107
16.6875 15.3125 7.76 0.707107
16.75 15.3125 7.84 0.707107
16.6875 15.375 7.92 0.715297
16.75 15.375 8 0.812158
16.8125 15.3125 8.08 0.625
16.8125 15.375 8.16 0.707107
16.875 15.375 8.24 0.645155
16.875 15.375 8.32 0.707107
16.875 15.375 8.4 0.707107
16.9375 15.375 8.48 0.707107
16.9375 15.375 8.56 0.707107
17 15.375 8.64 0.645155
17 15.375 8.72 0.707107
17 15.4375 8.8 0.645155
17 15.4375 8.88 0.625
17.0625 15.375 8.96 0.581464
17.0625 15.375 9.04 0.625
17.125 15.375 9.12 0.715297
17.125 15.375 9.2 0.715297
17.1875 15.4375 9.28 0.812158
17.1875 15.4375 9.36 0.625
17.25 15.4375 9.44 0.581464
17.25 15.4375 9.52 0.70429
17.25 15.4375 9.6 0.606651
17.3125 15.4375 9.68 0.625
17.375 15.4375 9.76 0.581464
17.375 15.375 9.84 0.625
17.375 15.375 9.92 0.715297
17.4375 15.4375 10 0.593633
17.4375 15.375 10.08 0.625
17.4375 15.375 10.16 0.625
17.5 15.375 10.24 0.715297
17.5 15.375 10.32 0.707107
17.5625 15.375 10.4 0.625
17.5625 15.375 10.48 0.715297
17.5625 15.375 10.56 0.619395
17.625 15.375 10.64 0.715297
17.625 15.3125 10.72 0.625
17.625 15.3125 10.8 0.625
17.6875 15.3125 10.88 0.625
17.6875 15.3125 10.96 0.715297
17.75 15.3125 11.04 0.581464
17.75 15.3125 11.12 0.625
17.75 15.3125 11.2 0.625
17.8125 15.3125 11.28 0.539653
17.8125 15.3125 11.36 0.515388
17.8125 15.25 11.44 0.619395
17.875 15.3125 11.52 0.524976
17.875 15.3125 11.6 0.593633
17.875 15.3125 11.68 0.625
17.875 15.3125 11.76 0.625
17.875 15.3125 11.84 0.625
17.9375 15.25 11.92 0.559017
17.9375 15.25 12 0.559017
17.9375 15.3125 12.08 0.625
17.9375 15.3125 12.16 0.559017
18 15.3125 12.24 0.559017
18 15.3125 12.32 0.559017
18 15.3125 12.4 0.625
18 15.3125 12.48 0.619395
18.0625 15.3125 12.56 0.559017
18.0625 15.3125 12.64 0.625
18.0625 15.3125 12.72 0.625
18.0625 15.3125 12.8 0.625
18.0625 15.3125 12.88 0.619395
18.125 15.3125 12.96 0.559017
18.125 15.3125 13.04 0.625
18.125 15.3125 13.12 0.625
18.125 15.25 13.2 0.559017
18.1875 15.3125 13.28 0.559017
18.1875 15.3125 13.36 0.559017
18.1875 15.3125 13.44 0.625
18.1875 15.3125 13.52 0.559017
18.1875 15.3125 13.6 0.559017
18.1875 15.3125 13.68 0.559017
18.25 15.3125 13.76 0.559017
18.25 15.3125 13.84 0.625
18.25 15.3125 13.92 0.625
18.25 15.3125 14 0.625
18.25 15.3125 14.08 0.625
18.25 15.3125 14.16 0.559017
18.25 15.3125 14.24 0.559017
18.3125 15.3125 14.32 0.625
18.3125 15.3125 14.4 0.625
18.3125 15.3125 14.48 0.625
18.3125 15.3125 14.56 0.625
18.3125 15.3125 14.64 0.619395
18.375 15.3125 14.72 0.625
18.375 15.3125 14.8 0.625
18.375 15.3125 14.88 0.625
18.375 15.3125 14.96 0.625
18.4375 15.3125 15.04 0.559017
18.4375 15.3125 15.12 0.625
18.4375 15.3125 15.2 0.625
18.4375 15.3125 15.28 0.625
18.5 15.3125 15.36 0.559017
18.5 15.3125 15.44 0.581464
18.5 15.3125 15.52 0.625
18.5 15.3125 15.6 0.625
18.5 15.3125 15.68 0.619395
18.5 15.3125 15.76 0.55394
18.5625 15.3125 15.84 0.559017
18.5625 15.3125 15.92 0.559017
18.5625 15.375 16 0.625
18.5625 15.375 16.08 0.625
18.5625 15.375 16.16 0.625
18.625 15.375 16.24 0.625
18.625 15.375 16.32 0.625
18.625 15.375 16.4 0.625
18.625 15.375 16.48 0.625
18.625 15.375 16.56 0.625
18.6875 15.375 16.64 0.625
18.6875 15.375 16.72 0.625
18.6875 15.4375 16.8 0.625
18.6875 15.375 16.88 0.625
18.6875 15.4375 16.96 0.625
18.75 15.375 17.04 0.625
18.75 15.375 17.12 0.625
18.75 15.4375 17.2 0.707107
18.75 15.4375 17.28 0.707107
18.75 15.4375 17.36 0.707107
18.8125 15.4375 17.44 0.707107
18.8125 15.4375 17.52 0.707107
18.8125 15.4375 17.6 0.707107
18.8125 15.5 17.68 0.707107
18.8125 15.5 17.76 0.707107
18.8125 15.5 17.84 0.707107
18.875 15.5 17.92 0.645155
18.875 15.5 18 0.707107
18.875 15.5 18.08 0.707107
18.9375 15.5 18.16 0.707107
18.9375 15.5 18.24 0.707107
18.9375 15.5 18.32 0.707107
18.9375 15.5625 18.4 0.707107
18.9375 15.5625 18.48 0.707107
19 15.5625 18.56 0.707107
19 15.5625 18.64 0.707107
19 15.5625 18.72 0.707107
19 15.5625 18.8 0.707107
19.0625 15.5625 18.88 0.724983
19.0625 15.5625 18.96 0.75
19.0625 15.5625 19.04 0.75
19.0625 15.5625 19.12 0.75
19.0625 15.5625 19.2 0.75
19.0625 15.5625 19.28 0.75
19.125 15.625 19.36 0.894553
6 36
14.25 15.0625 8.24 1.15244
14.1875 15.125 8.24 1.29893
14.125 15.125 8.32 1.22463
14.0625 15.1875 8.4 1.19216
14 15.25 8.48 1.14552
13.9375 15.3125 8.56 1.09659
13.9375 15.375 8.64 1.14552
13.875 15.4375 8.72 1.14552
13.8125 15.5 8.8 1.04553
13.75 15.5625 8.88 1.04553
13.6875 15.5625 8.96 0.985951
13.6875 15.625 9.04 1.0248
13.625 15.625 9.12 1.0248
13.625 15.6875 9.2 0.976281
13.5625 15.6875 9.28 1.09126
13.5 15.6875 9.36 1.09126
13.5 15.6875 9.44 0.989305
13.5 15.75 9.52 1.13165
13.4375 15.75 9.6 1.13165
13.4375 15.8125 9.68 1.13165
13.4375 15.8125 9.76 1.09659
13.375 15.8125 9.84 1.13165
13.375 15.8125 9.92 1.00581
13.3125 15.8125 10 1.06066
13.3125 15.875 10.08 1.13165
13.3125 15.875 10.16 1.06066
13.25 15.8125 10.24 1.06066
13.25 15.875 10.32 1.13165
13.1875 15.875 10.4 1.06066
13.1875 15.875 10.48 1.00581
13.125 15.875 10.56 1.06066
13.0625 15.875 10.64 0.976281
13.0625 15.875 10.72 1.06066
13.0625 15.875 10.8 1.06066
13.0625 15.9375 10.88 0.940027
13 15.9375 10.96 0.985951
7 139
14.25 15.0625 8.24 1.15244
14.25 15 8.32 1.07266
14.3125 14.9375 8.4 1.07266
14.25 14.9375 8.48 1.08224
14.25 14.875 8.56 1.00581
14.25 14.875 8.64 0.883883
14.25 14.875 8.72 0.92883
14.25 14.8125 8.8 0.854634
14.1875 14.75 8.88 0.6919
14.1875 14.75 8.96 0.724983
14.25 14.8125 9.04 0.606651
14.25 14.8125 9.12 0.539653
14.25 14.8125 9.2 0.515388
14.25 14.8125 9.28 0.515388
14.1875 14.8125 9.36 0.552743
14.125 14.8125 9.44 0.524976
14.0625 14.8125 9.52 0.5
14.0625 14.875 9.6 0.621812
14.0625 14.875 9.68 0.625
14 14.875 9.76 0.645155
13.9375 14.8125 9.84 0.70429
13.9375 14.8125 9.92 0.821721
13.875 14.8125 10 0.724983
13.875 14.8125 10.08 0.707107
13.8125 14.8125 10.16 0.707107
13.8125 14.8125 10.24 0.724983
13.8125 14.8125 10.32 0.724983
13.75 14.875 10.4 0.736817
13.75 14.875 10.48 0.849765
13.75 14.875 10.56 0.75
13.6875 14.875 10.64 0.75
13.6875 14.875 10.72 0.800391
13.6875 14.875 10.8 0.800391
13.6875 14.875 10.88 0.800391
13.6875 14.875 10.96 0.776144
13.6875 14.875 11.04 0.724983
13.6875 14.9375 11.12 0.707107
13.625 14.9375 11.2 0.724983
13.625 14.9375 11.28 0.776144
13.625 14.9375 11.36 0.75
13.625 14.9375 11.44 0.75
13.625 14.9375 11.52 0.728869
13.5625 14.9375 11.6 0.776144
13.5625 14.9375 11.68 0.776144
13.5625 14.9375 11.76 0.724983
13.5625 15 11.84 0.776144
13.5625 15 11.92 0.75
13.5625 15 12 0.776144
13.5625 15 12.08 0.724983
13.5 15 12.16 0.776144
13.5 15 12.24 0.728869
13.5 15 12.32 0.728869
13.5 15 12.4 0.728869
13.5 15 12.48 0.724983
13.4375 15 12.56 0.707107
13.4375 15 12.64 0.707107
13.4375 15 12.72 0.707107
13.4375 15 12.8 0.707107
13.4375 15.0625 12.88 0.707107
13.375 15 12.96 0.707107
13.375 15 13.04 0.707107
13.375 15 13.12 0.707107
13.375 15 13.2 0.707107
13.375 15 13.28 0.707107
13.375 15 13.36 0.724983
13.375 15 13.44 0.707107
13.375 15 13.52 0.625
13.3125 15 13.6 0.707107
13.3125 15 13.68 0.707107
13.3125 15 13.76 0.707107
13.3125 15 13.84 0.707107
13.3125 15 13.92 0.707107
13.25 15 14 0.645155
13.25 15 14.08 0.645155
13.25 14.9375 14.16 0.707107
13.25 14.9375 14.24 0.707107
13.25 14.9375 14.32 0.707107
13.25 14.9375 14.4 0.707107
13.25 14.9375 14.48 0.707107
13.25 14.9375 14.56 0.707107
13.25 14.9375 14.64 0.707107
13.1875 14.9375 14.72 0.645155
13.1875 14.9375 14.8 0.707107
13.1875 14.9375 14.88 0.707107
13.1875 14.9375 14.96 0.707107
13.1875 14.9375 15.04 0.707107
13.1875 14.9375 15.12 0.673146
13.1875 14.9375 15.2 0.707107
13.125 14.9375 15.28 0.645155
13.125 14.9375 15.36 0.707107
13.125 14.9375 15.44 0.707107
13.125 14.9375 15.52 0.707107
13.125 14.9375 15.6 0.707107
13.125 14.9375 15.68 0.707107
13.125 14.9375 15.76 0.707107
13.125 14.9375 15.84 0.707107
13.125 14.9375 15.92 0.707107
13.0625 14.875 16 0.707107
13.0625 14.875 16.08 0.707107
13.0625 14.875 16.16 0.707107
13.0625 14.875 16.24 0.707107
13.0625 14.875 16.32 0.707107
13.0625 14.9375 16.4 0.707107
13.0625 14.9375 16.48 0.707107
13.0625 14.9375 16.56 0.707107
13.0625 14.9375 16.64 0.707107
13.0625 14.9375 16.72 0.707107
13.0625 14.9375 16.8 0.707107
13.0625 14.9375 16.88 0.707107
13 14.875 16.96 0.707107
13 14.9375 17.04 0.724983
13 14.9375 17.12 0.75
13 14.9375 17.2 0.75
13 14.875 17.28 0.673146
13 14.875 17.36 0.657153
13 14.9375 17.44 0.673146
13 14.875 17.52 0.657153
12.9375 14.9375 17.6 0.75
12.9375 14.9375 17.68 0.728869
12.9375 14.9375 17.76 0.75
12.9375 14.9375 17.84 0.75
12.9375 14.9375 17.92 0.75
12.9375 14.9375 18 0.75
12.9375 14.9375 18.08 0.75
12.9375 14.9375 18.16 0.800391
12.9375 14.9375 18.24 0.800391
12.9375 14.9375 18.32 0.800391
12.9375 14.9375 18.4 0.800391
12.9375 14.9375 18.48 0.800391
12.9375 14.9375 18.56 0.800391
12.9375 14.9375 18.64 0.800391
12.9375 14.9375 18.72 0.883883
12.9375 14.9375 18.8 0.883883
12.9375 14.9375 18.88 0.898248
12.9375 14.9375 18.96 0.901388
12.9375 14.9375 19.04 0.915478
12.9375 14.9375 19.12 0.976281
12.9375 14.9375 19.2 0.976281
12.9375 15 19.28 1.06066
8 78
18.0625 20.125 1.28 2.04113
18.0625 20.0625 1.36 2.03485
18.0625 20.0625 1.44 2.03485
18.0625 20.0625 1.52 2.04113
18.0625 20.0625 1.6 2.12132
18.0625 20 1.68 2.03485
18 20 1.76 2.04716
18 20 1.84 2.12132
18 19.9375 1.92 2.28004
18 19.9375 2 2.04113
18.0625 19.9375 2.08 2.04113
18 19.875 2.16 2.12132
18 19.875 2.24 2.12132
18 19.8125 2.32 2.28004
18 19.8125 2.4 2.32123
18 19.75 2.48 2.28004
17.9375 19.75 2.56 2.28004
17.9375 19.75 2.64 2.12132
17.9375 19.6875 2.72 2.28004
17.9375 19.625 2.8 2.18252
17.9375 19.625 2.88 2.21398
17.9375 19.5625 2.96 2.26329
17.9375 19.5 3.04 2.18252
17.9375 19.5 3.12 2.25638
17.9375 19.4375 3.2 2.43647
17.875 19.375 3.28 2.26329
17.875 19.3125 3.36 2.26329
17.8125 19.3125 3.44 2.31249
17.8125 19.25 3.52 2.36157
17.8125 19.1875 3.6 2.36157
17.875 19.125 3.6 2.43647
17.8125 19.0625 3.68 2.26329
17.8125 19 3.76 2.36488
17.8125 18.9375 3.84 2.36157
17.875 18.875 3.84 2.36157
17.875 18.8125 3.92 2.43647
17.8125 18.75 4 2.36157
17.8125 18.6875 4 2.21398
17.875 18.625 4.08 2.36475
17.9375 18.5625 4.08 2.43647
17.9375 18.5 4.16 2.36488
17.9375 18.4375 4.16 2.36157
17.875 18.375 4.24 2.43647
17.875 18.3125 4.32 2.43647
17.9375 18.25 4.32 2.43647
17.875 18.1875 4.4 2.21398
17.9375 18.125 4.4 2.36157
17.9375 18.0625 4.48 2.29446
18 18 4.48 2.31249
18 17.9375 4.56 1.87916
17.9375 17.875 4.64 2.22882
17.9375 17.8125 4.64 2.14272
17.875 17.75 4.72 2.16449
17.9375 17.6875 4.72 2.29105
17.875 17.625 4.8 2.23693
17.875 17.5625 4.8 2.23343
17.8125 17.5 4.88 2.23343
17.8125 17.4375 4.88 2.23343
17.8125 17.375 4.88 2.23343
17.75 17.3125 4.88 2.15873
17.6875 17.25 4.88 2.15873
17.625 17.1875 4.96 2.24
17.5625 17.125 4.96 2.24
17.5625 17.0625 4.96 2.24
17.5625 17 4.96 2.24
17.5 16.9375 4.96 2.24
17.5 16.875 4.96 2.24
17.4375 16.8125 4.96 2.24
17.375 16.75 4.96 2.24
17.375 16.6875 4.96 2.24
17.3125 16.625 4.96 2.24
17.25 16.5625 4.88 2.24
17.25 16.5 4.88 2.24
17.1875 16.4375 4.88 2.24349
17.125 16.375 4.88 2.25391
17.125 16.3125 4.88 2.25737
17.0625 16.25 4.88 2.4
17.0625 16.1875 4.96 2.16449
9 64
17.0625 16.1875 4.96 2.16449
17.0625 16.125 5.04 2.15873
17 16.125 5.12 2.02425
17.0625 16.0625 5.2 1.84069
17.0625 16 5.28 1.7709
17.0625 16 5.36 1.64344
17 16 5.44 1.62432
16.9375 16 5.52 1.32727
16.9375 16 5.6 1.27814
16.9375 16 5.68 1.24774
16.9375 16 5.76 1.23744
16.9375 16 5.84 1.15244
16.9375 16 5.92 1.15244
16.9375 16 6 1.0204
16.9375 16 6.08 1.00778
17 16 6.16 1
17 16 6.24 1.07266
17.0625 16 6.32 1.06066
17.0625 16 6.4 1.19216
17.125 16 6.48 1.06066
17.125 16 6.56 1.09126
17.125 16.0625 6.64 0.976281
17.125 16.0625 6.72 0.883883
17.125 16.0625 6.8 0.976281
17.125 16.0625 6.88 0.976281
17.125 16.0625 6.96 0.940027
17.125 16.0625 7.04 0.898248
17.1875 16.0625 7.12 0.883883
17.1875 16.0625 7.2 0.898248
17.1875 16.125 7.28 0.898248
17.1875 16.125 7.36 0.883883
17.1875 16.125 7.44 0.883883
17.25 16.125 7.52 0.883883
17.25 16.125 7.6 0.883883
17.25 16.125 7.68 0.898248
17.25 16.125 7.76 0.883883
17.25 16.1875 7.84 0.883883
17.25 16.1875 7.92 0.883883
17.25 16.1875 8 0.816226
17.3125 16.1875 8.08 0.883883
17.3125 16.1875 8.16 0.875
17.3125 16.1875 8.24 0.861989
17.375 16.1875 8.32 0.883883
17.375 16.1875 8.4 0.883883
17.375 16.25 8.48 0.766877
17.4375 16.1875 8.56 0.883883
17.4375 16.25 8.64 0.800391
17.4375 16.25 8.72 0.800391
17.4375 16.25 8.8 1.0152
17.4375 16.25 8.88 0.894553
17.5 16.1875 8.96 0.800391
17.5 16.25 9.04 0.894553
17.5625 16.1875 9.12 0.745335
17.5625 16.25 9.2 0.854634
17.5625 16.25 9.28 0.797904
17.625 16.25 9.36 0.766877
17.6875 16.25 9.44 0.760345
17.6875 16.25 9.52 0.760345
17.6875 16.25 9.6 0.854634
17.75 16.25 9.68 0.766877
17.75 16.25 9.76 0.854634
17.8125 16.25 9.84 0.854634
17.8125 16.25 9.92 0.776144
17.875 16.25 10 0.6919
10 36
19.125 15.5625 19.44 1.0152
19.0625 15.5 19.44 0.800391
19.0625 15.4375 19.52 0.821721
19.0625 15.375 19.6 0.741772
19 15.375 19.68 0.621812
19 15.3125 19.76 0.53033
19 15.3125 19.84 0.55545
19 15.25 19.92 0.53033
19 15.25 20 0.426439
19 15.25 20.08 0.395285
19 15.25 20.16 0.426439
19 15.25 20.24 0.450694
19 15.25 20.32 0.450694
19.0625 15.25 20.4 0.53033
19.0625 15.25 20.48 0.478252
19.0625 15.3125 20.56 0.450694
19.0625 15.3125 20.64 0.426439
19.0625 15.3125 20.72 0.395285
19.125 15.3125 20.8 0.450694
19.125 15.3125 20.88 0.450694
19.125 15.3125 20.96 0.395285
19.125 15.375 21.04 0.450694
19.125 15.375 21.12 0.450694
19.125 15.375 21.2 0.450694
19.125 15.375 21.28 0.450694
19.125 15.375 21.36 0.450694
19.125 15.375 21.44 0.450694
19.125 15.4375 21.52 0.426439
19.125 15.4375 21.6 0.450694
19.125 15.4375 21.68 0.450694
19.125 15.4375 21.76 0.450694
19.125 15.4375 21.84 0.450694
19.125 15.4375 21.92 0.450694
19.125 15.4375 22 0.53033
19.125 15.4375 22.08 0.53033
19.0625 15.4375 22.16 0.395285
11 46
19.125 15.625 19.44 1.0152
19.125 15.6875 19.52 0.892328
19.1875 15.75 19.6 0.849765
19.25 15.75 19.68 0.788051
19.25 15.8125 19.76 0.831174
19.3125 15.8125 19.84 0.821721
19.25 15.875 19.92 0.702157
19.3125 15.875 20 0.812158
19.3125 15.9375 20.08 0.707107
19.3125 15.9375 20.16 0.707107
19.3125 15.9375 20.24 0.707107
19.3125 16 20.32 0.625
19.3125 16 20.4 0.625
19.3125 16 20.48 0.625
19.3125 16 20.56 0.625
19.3125 16 20.64 0.559017
19.3125 16 20.72 0.593633
19.3125 16 20.8 0.524976
19.3125 16 20.88 0.5
19.3125 16 20.96 0.53033
19.3125 16 21.04 0.450694
19.3125 16 21.12 0.450694
19.3125 16.0625 21.2 0.450694
19.3125 16.0625 21.28 0.450694
19.3125 16.0625 21.36 0.450694
19.3125 16.0625 21.44 0.450694
19.3125 16.0625 21.52 0.450694
19.3125 16.0625 21.6 0.450694
19.3125 16.0625 21.68 0.450694
19.3125 16.0625 21.76 0.450694
19.3125 16.0625 21.84 0.450694
19.3125 16.0625 21.92 0.450694
19.3125 16.0625 22 0.450694
19.3125 16.0625 22.08 0.450694
19.3125 16 22.16 0.450694
19.3125 16 22.24 0.450694
19.3125 16 22.32 0.450694
19.375 16 22.4 0.450694
19.375 16 22.48 0.450694
19.375 16 22.56 0.450694
19.375 16 22.64 0.450694
19.375 16 22.72 0.450694
19.375 16 22.8 0.53033
19.375 16 22.88 0.53033
19.375 16 22.96 0.450694
19.375 15.9375 23.04 0.450694
12 172
2.4375 14.6875 7.84 0.16
2.5 14.625 7.92 0.16
2.5625 14.5625 7.92 0.238432
2.5625 14.5 8 0.343548
2.625 14.4375 8 0.424882
2.6875 14.375 8 0.48
2.75 14.3125 8.08 0.508576
2.8125 14.25 8.08 0.64
2.875 14.25 8.16 0.621812
2.9375 14.1875 8.16 0.715297
3 14.1875 8.16 0.8
3.0625 14.1875 8.24 0.741772
3.125 14.1875 8.24 0.741772
3.1875 14.1875 8.32 0.687095
3.25 14.1875 8.32 0.741772
3.3125 14.125 8.4 0.741772
3.375 14.125 8.48 0.741772
3.4375 14.125 8.48 0.812158
3.5 14.0625 8.56 0.741772
3.5625 14.0625 8.56 0.693109
3.625 14.0625 8.64 0.741772
3.6875 14.0625 8.64 0.812158
3.75 14.0625 8.72 0.687095
3.8125 14.0625 8.72 0.741772
3.875 14.0625 8.72 0.663965
3.9375 14.0625 8.8 0.741772
4 14.125 8.88 0.619395
4.0625 14.0625 8.88 0.715297
4.125 14.125 8.96 0.715297
4.1875 14.125 8.96 0.741772
4.25 14.0625 8.96 0.715297
4.3125 14.125 9.04 0.698373
4.375 14.0625 9.04 0.715297
4.4375 14.125 9.12 0.658426
4.5 14.125 9.12 0.698373
4.5625 14.125 9.12 0.687095
4.625 14.125 9.2 0.663965
4.6875 14.1875 9.2 0.715297
4.75 14.1875 9.2 0.663965
4.8125 14.1875 9.28 0.658426
4.875 14.1875 9.28 0.715297
4.9375 14.1875 9.28 0.658426
5 14.25 9.36 0.687095
5.0625 14.25 9.36 0.741772
5.125 14.25 9.36 0.658426
5.1875 14.3125 9.36 0.658426
5.25 14.3125 9.44 0.652093
5.3125 14.3125 9.44 0.663965
5.375 14.3125 9.44 0.687095
5.4375 14.375 9.52 0.652093
5.5 14.375 9.52 0.663965
5.5625 14.4375 9.52 0.658426
5.625 14.4375 9.52 0.687095
5.6875 14.4375 9.52 0.687095
5.75 14.5 9.6 0.741772
5.8125 14.5625 9.6 0.698373
5.875 14.5625 9.6 0.741772
5.9375 14.625 9.6 0.687095
6 14.625 9.68 0.698373
6.0625 14.6875 9.68 0.741772
6.125 14.6875 9.68 0.581464
6.1875 14.75 9.68 0.8
6.25 14.75 9.68 0.8
6.3125 14.8125 9.68 0.8
6.375 14.8125 9.76 0.715297
6.4375 14.8125 9.76 0.625
6.5 14.875 9.76 0.715297
6.5625 14.9375 9.76 0.658426
6.625 14.9375 9.76 0.658426
6.6875 15 9.76 0.625
6.75 15 9.76 0.693109
6.8125 15 9.84 0.698373
6.875 15.0625 9.84 0.698373
6.9375 15.0625 9.84 0.741772
7 15.0625 9.84 0.693109
7.0625 15.0625 9.92 0.581464
7.125 15.125 9.92 0.539653
7.1875 15.125 9.92 0.581464
7.25 15.125 10 0.741772
7.3125 15.1875 10 0.593633
7.375 15.1875 10.08 0.687095
7.4375 15.1875 10.08 0.741772
7.5 15.1875 10.08 0.693109
7.5625 15.125 10.16 0.687095
7.625 15.1875 10.16 0.741772
7.6875 15.1875 10.16 0.741772
7.75 15.25 10.24 0.698373
7.8125 15.25 10.24 0.687095
7.875 15.3125 10.32 0.687095
7.9375 15.3125 10.32 0.687095
8 15.375 10.32 0.652093
8.0625 15.375 10.4 0.687095
8.125 15.375 10.4 0.741772
8.1875 15.375 10.4 0.8
8.25 15.375 10.48 0.698373
8.3125 15.4375 10.48 0.741772
8.375 15.4375 10.56 0.741772
8.4375 15.5 10.56 0.812158
8.5 15.5 10.64 0.741772
8.5625 15.5 10.64 0.812158
8.625 15.5625 10.72 0.75223
8.6875 15.625 10.8 0.693109
8.75 15.625 10.8 0.812158
8.8125 15.6875 10.88 0.75223
8.875 15.75 10.96 0.731163
8.9375 15.75 10.96 0.741772
9 15.8125 11.04 0.812158
9.0625 15.8125 11.12 0.75223
9.125 15.875 11.2 0.731163
9.1875 15.9375 11.28 0.715297
9.25 15.9375 11.28 0.715297
9.3125 16 11.36 0.812158
9.375 16.0625 11.44 0.75223
9.4375 16.0625 11.52 0.70429
9.5 16.125 11.6 0.741772
9.5625 16.1875 11.6 0.812158
9.625 16.25 11.68 0.812158
9.6875 16.3125 11.76 0.75223
9.75 16.25 11.76 0.812158
9.8125 16.25 11.76 0.741772
9.875 16.3125 11.84 0.70429
9.9375 16.3125 11.84 0.741772
10 16.3125 11.92 0.812158
10.0625 16.3125 11.92 0.812158
10.125 16.3125 12 0.731163
10.1875 16.375 12 0.741772
10.25 16.3125 12.08 0.698373
10.3125 16.375 12.08 0.741772
10.375 16.375 12.08 0.8
10.4375 16.375 12.16 0.741772
10.5 16.375 12.16 0.8
10.5625 16.375 12.16 0.809707
10.625 16.375 12.16 0.741772
10.6875 16.375 12.16 0.741772
10.75 16.375 12.24 0.698373
10.8125 16.375 12.24 0.8
10.875 16.375 12.24 0.8
10.9375 16.375 12.24 0.8
11 16.3125 12.24 0.693109
11.0625 16.3125 12.24 0.693109
11.125 16.3125 12.24 0.693109
11.1875 16.3125 12.24 0.693109
11.25 16.3125 12.24 0.693109
11.3125 16.3125 12.24 0.741772
11.375 16.25 12.16 0.687095
11.4375 16.25 12.16 0.687095
11.5 16.1875 12.16 0.698373
11.5625 16.1875 12.16 0.741772
11.625 16.1875 12.16 0.75223
11.6875 16.1875 12.16 0.8
11.75 16.1875 12.16 0.741772
11.8125 16.125 12.08 0.75223
11.875 16.125 12.08 0.809707
11.9375 16.125 12.08 0.8
12 16.125 12 0.812158
12.0625 16.125 12 0.821721
12.125 16.125 11.92 0.838153
12.1875 16.125 11.92 0.702157
12.25 16.0625 11.84 0.812158
12.3125 16.0625 11.84 0.821721
12.375 16.0625 11.76 0.831174
12.4375 16.0625 11.68 0.821721
12.5 16.0625 11.6 0.788051
12.5625 16.0625 11.52 0.849765
12.625 16 11.44 0.776144
12.6875 16 11.36 0.75
12.6875 16 11.28 0.788051
12.75 16 11.2 0.788051
12.8125 15.9375 11.12 0.797904
12.875 15.9375 11.12 0.826756
12.9375 15.9375 11.04 0.890449
13 15.9375 10.96 0.985951
13 316
13 15.9375 10.96 0.985951
13.0625 15.9375 11.04 0.883883
13.125 15.9375 11.12 0.88353
13.1875 15.9375 11.2 0.75223
13.1875 15.9375 11.28 0.621812
13.25 15.9375 11.36 0.541202
13.3125 15.9375 11.44 0.476865
13.3125 15.875 11.52 0.407707
13.3125 15.8125 11.6 0.375
13.3125 15.8125 11.68 0.395285
13.3125 15.8125 11.76 0.395285
13.3125 15.8125 11.84 0.426439
13.3125 15.8125 11.92 0.476865
13.3125 15.75 12 0.395285
13.3125 15.75 12.08 0.395285
13.25 15.8125 12.16 0.395285
13.25 15.8125 12.24 0.476865
13.25 15.75 12.32 0.395285
13.25 15.75 12.4 0.407707
13.25 15.75 12.48 0.375
13.25 15.8125 12.56 0.375
13.1875 15.8125 12.64 0.395285
13.1875 15.8125 12.72 0.375
13.1875 15.8125 12.8 0.395285
13.1875 15.8125 12.88 0.426439
13.1875 15.8125 12.96 0.407707
13.1875 15.8125 13.04 0.375
13.1875 15.8125 13.12 0.375
13.1875 15.8125 13.2 0.375
13.1875 15.875 13.28 0.375
13.1875 15.875 13.36 0.388072
13.1875 15.875 13.44 0.353553
13.1875 15.9375 13.52 0.353553
13.1875 15.9375 13.6 0.375
13.125 15.9375 13.68 0.375
13.125 15.9375 13.76 0.424882
13.125 16 13.84 0.388072
13.1875 16 13.92 0.375
13.1875 16 14 0.388072
13.125 16.0625 14.08 0.353553
13.1875 16.0625 14.16 0.353553
13.1875 16.0625 14.24 0.388072
13.1875 16.125 14.32 0.424882
13.1875 16.125 14.4 0.395285
13.1875 16.125 14.48 0.450694
13.1875 16.125 14.56 0.476865
13.1875 16.125 14.64 0.388072
13.25 16.1875 14.72 0.424882
13.25 16.1875 14.8 0.395285
13.25 16.1875 14.88 0.450694
13.25 16.1875 14.96 0.476865
13.25 16.1875 15.04 0.388072
13.3125 16.25 15.12 0.424882
13.3125 16.25 15.2 0.476865
13.3125 16.25 15.28 0.395285
13.375 16.25 15.36 0.476865
13.375 16.25 15.44 0.388072
13.375 16.3125 15.52 0.353553
13.4375 16.3125 15.6 0.388072
13.4375 16.3125 15.68 0.476865
13.4375 16.3125 15.76 0.406079
13.5 16.375 15.84 0.388072
13.5 16.375 15.92 0.353553
13.5625 16.375 16 0.424882
13.5625 16.375 16.08 0.388072
13.5625 16.375 16.16 0.353553
13.625 16.4375 16.24 0.388072
13.625 16.4375 16.32 0.353553
13.6875 16.4375 16.4 0.388072
13.6875 16.4375 16.48 0.476865
13.6875 16.4375 16.56 0.388072
13.75 16.4375 16.64 0.388072
13.75 16.4375 16.72 0.388072
13.75 16.5 16.8 0.388072
13.8125 16.5 16.88 0.476865
13.8125 16.5 16.96 0.407707
13.8125 16.5 17.04 0.375
13.8125 16.5 17.12 0.388072
13.875 16.5 17.2 0.476865
13.875 16.5 17.28 0.388072
13.9375 16.5 17.36 0.375
13.9375 16.5625 17.44 0.388072
13.9375 16.5625 17.52 0.395285
13.9375 16.5625 17.6 0.450694
13.9375 16.5625 17.68 0.450694
13.9375 16.5625 17.76 0.476865
14 16.5625 17.84 0.407707
14 16.5625 17.92 0.375
14 16.5625 18 0.395285
14 16.5625 18.08 0.476865
14 16.5625 18.16 0.388072
14.0625 16.5625 18.24 0.424882
14.0625 16.5625 18.32 0.450694
14.0625 16.5625 18.4 0.395285
14.0625 16.5625 18.48 0.395285
14.0625 16.5625 18.56 0.395285
14.0625 16.625 18.64 0.375
14.125 16.5625 18.72 0.407707
14.125 16.5625 18.8 0.375
14.125 16.5625 18.88 0.388072
14.125 16.5625 18.96 0.353553
14.125 16.5625 19.04 0.388072
14.125 16.5625 19.12 0.353553
14.125 16.625 19.2 0.353553
14.1875 16.625 19.28 0.375
14.1875 16.625 19.36 0.395285
14.1875 16.625 19.44 0.388072
14.25 16.625 19.52 0.395285
14.25 16.625 19.6 0.476865
14.25 16.625 19.68 0.388072
14.3125 16.625 19.76 0.388072
14.3125 16.625 19.84 0.476865
14.3125 16.625 19.92 0.395285
14.375 16.625 20 0.476865
14.4375 16.625 20.08 0.476865
14.4375 16.6875 20.16 0.407707
14.4375 16.6875 20.24 0.476865
14.5 16.6875 20.32 0.476865
14.5 16.75 20.4 0.375
14.5625 16.75 20.48 0.407707
14.5625 16.75 20.56 0.476865
14.625 16.75 20.64 0.476865
14.625 16.75 20.72 0.388072
14.625 16.75 20.8 0.353553
14.6875 16.75 20.88 0.353553
14.625 16.75 20.96 0.353553
14.625 16.8125 21.04 0.424882
14.625 16.8125 21.12 0.388072
14.625 16.8125 21.2 0.353553
14.625 16.8125 21.28 0.388072
14.625 16.8125 21.36 0.395285
14.625 16.8125 21.44 0.395285
14.625 16.75 21.52 0.450694
14.625 16.75 21.6 0.450694
14.625 16.75 21.68 0.450694
14.625 16.75 21.76 0.407707
14.625 16.6875 21.84 0.492976
14.625 16.6875 21.92 0.426439
14.625 16.6875 22 0.395285
14.625 16.625 22.08 0.450694
14.625 16.625 22.16 0.450694
14.625 16.625 22.24 0.407707
14.6875 16.625 22.32 0.450694
14.6875 16.625 22.4 0.407707
14.6875 16.5625 22.48 0.395285
14.6875 16.5625 22.56 0.395285
14.6875 16.5625 22.64 0.407707
14.6875 16.625 22.72 0.375
14.6875 16.625 22.8 0.375
14.6875 16.625 22.88 0.353553
14.6875 16.625 22.96 0.375
14.6875 16.625 23.04 0.388072
14.6875 16.625 23.12 0.353553
14.6875 16.625 23.2 0.375
14.6875 16.625 23.28 0.375
14.6875 16.5625 23.36 0.476865
14.625 16.5625 23.44 0.476865
14.625 16.5625 23.52 0.395285
14.625 16.5625 23.6 0.426439
14.625 16.5625 23.68 0.476865
14.625 16.5625 23.76 0.388072
14.5625 16.5625 23.84 0.476865
14.5625 16.5625 23.92 0.395285
14.5625 16.5625 24 0.388072
14.5 16.5625 24.08 0.388072
14.5 16.5625 24.16 0.388072
14.5 16.625 24.24 0.406079
14.4375 16.625 24.32 0.406079
14.375 16.6875 24.4 0.424882
14.3125 16.75 24.48 0.424882
14.25 16.75 24.48 0.406079
14.1875 16.8125 24.56 0.322064
14.125 16.875 24.56 0.322064
14.125 16.9375 24.56 0.406079
14.0625 17 24.56 0.406079
14.0625 17.0625 24.56 0.279508
14 17.125 24.56 0.343548
14 17.1875 24.56 0.365582
14 17.25 24.56 0.296816
13.9375 17.3125 24.56 0.365582
13.9375 17.375 24.56 0.406079
13.875 17.4375 24.56 0.365582
13.8125 17.5 24.56 0.406079
13.75 17.5625 24.48 0.406079
13.6875 17.625 24.48 0.343548
13.625 17.625 24.4 0.343548
13.5625 17.625 24.4 0.406079
13.5 17.625 24.4 0.365582
13.4375 17.625 24.48 0.406079
13.375 17.5625 24.48 0.388072
13.3125 17.5 24.56 0.406079
13.3125 17.4375 24.56 0.406079
13.25 17.375 24.64 0.406079
13.3125 17.3125 24.72 0.406079
13.3125 17.25 24.72 0.406079
13.375 17.1875 24.8 0.406079
13.4375 17.125 24.88 0.406079
13.5 17.125 24.96 0.406079
13.5625 17.125 25.04 0.424882
13.625 17.125 25.12 0.388072
13.625 17.125 25.2 0.353553
13.6875 17.125 25.28 0.388072
13.6875 17.125 25.36 0.353553
13.6875 17.1875 25.44 0.424882
13.6875 17.1875 25.52 0.322064
13.75 17.25 25.6 0.406079
13.75 17.25 25.68 0.353553
13.75 17.3125 25.76 0.424882
13.75 17.3125 25.84 0.388072
13.75 17.3125 25.92 0.353553
13.75 17.375 26 0.322064
13.75 17.4375 26.08 0.353553
13.6875 17.375 26.16 0.353553
13.75 17.375 26.24 0.353553
13.75 17.4375 26.32 0.353553
13.6875 17.4375 26.4 0.406079
13.6875 17.5 26.48 0.322064
13.625 17.5 26.56 0.353553
13.625 17.5625 26.64 0.406079
13.5625 17.625 26.72 0.406079
13.5 17.6875 26.8 0.406079
13.5 17.75 26.88 0.406079
13.4375 17.8125 26.96 0.343548
13.375 17.875 26.96 0.406079
13.3125 17.9375 27.04 0.365582
13.3125 18 27.04 0.365582
13.3125 18.0625 27.12 0.343548
13.25 18.125 27.12 0.406079
13.25 18.1875 27.12 0.406079
13.1875 18.25 27.12 0.406079
13.1875 18.3125 27.12 0.406079
13.1875 18.375 27.12 0.406079
13.1875 18.4375 27.12 0.48
13.1875 18.5 27.12 0.424882
13.1875 18.5625 27.12 0.406079
13.1875 18.625 27.04 0.424882
13.25 18.6875 27.04 0.496009
13.3125 18.75 27.04 0.48
13.375 18.8125 26.96 0.496009
13.4375 18.8125 26.96 0.496009
13.5 18.875 26.88 0.424882
13.5625 18.875 26.88 0.48
13.625 18.8125 26.88 0.406079
13.6875 18.875 26.8 0.406079
13.75 18.875 26.8 0.406079
13.8125 18.875 26.8 0.406079
13.875 18.8125 26.8 0.406079
13.9375 18.8125 26.8 0.406079
14 18.75 26.72 0.406079
14.0625 18.75 26.72 0.406079
14.125 18.75 26.72 0.406079
14.1875 18.6875 26.72 0.406079
14.25 18.6875 26.72 0.406079
14.3125 18.6875 26.72 0.406079
14.375 18.625 26.8 0.406079
14.4375 18.625 26.8 0.406079
14.5 18.625 26.8 0.406079
14.5625 18.5625 26.88 0.406079
14.625 18.5 26.88 0.424882
14.6875 18.4375 26.88 0.406079
14.75 18.375 26.96 0.353553
14.8125 18.375 26.96 0.406079
14.875 18.375 26.96 0.406079
14.9375 18.3125 27.04 0.343548
15 18.25 27.12 0.343548
15.0625 18.1875 27.12 0.406079
15.125 18.125 27.2 0.365582
15.125 18.0625 27.2 0.353553
15.1875 18 27.28 0.406079
15.1875 17.9375 27.36 0.322064
15.25 17.9375 27.44 0.406079
15.3125 17.875 27.52 0.406079
15.3125 17.875 27.6 0.296816
15.3125 17.8125 27.68 0.279508
15.3125 17.8125 27.76 0.279508
15.25 17.8125 27.84 0.279508
15.25 17.875 27.92 0.279508
15.1875 17.875 28 0.279508
15.1875 17.9375 28.08 0.25
15.1875 18 28.16 0.203039
15.125 18.0625 28.24 0.203039
15.1875 18.0625 28.32 0.203039
15.125 18.0625 28.4 0.238432
15.1875 18.0625 28.48 0.238432
15.1875 18.0625 28.56 0.238432
15.1875 18 28.64 0.238432
15.1875 18 28.72 0.279508
15.1875 17.9375 28.8 0.25
15.1875 17.875 28.88 0.238432
15.25 17.8125 28.96 0.25
15.3125 17.75 29.04 0.238432
15.3125 17.6875 29.04 0.32
15.3125 17.625 29.04 0.32
15.375 17.5625 29.04 0.32
15.375 17.5 29.04 0.32
15.4375 17.4375 29.04 0.32
15.4375 17.375 29.04 0.32
15.4375 17.3125 29.04 0.32
15.5 17.25 28.96 0.32
15.5 17.1875 28.96 0.32
15.5625 17.125 28.88 0.238432
15.625 17.0625 28.88 0.238432
15.6875 17 28.8 0.238432
15.75 16.9375 28.8 0.32
15.8125 16.875 28.8 0.238432
15.875 16.8125 28.72 0.238432
15.9375 16.75 28.72 0.238432
16 16.75 28.72 0.32
16.0625 16.75 28.72 0.238432
16.125 16.6875 28.8 0.238432
16.1875 16.625 28.8 0.32
16.25 16.625 28.8 0.32
16.3125 16.5625 28.88 0.238432
16.375 16.5 28.88 0.32
16.4375 16.4375 28.96 0.343548
16.5 16.375 29.04 0.343548
14 23
12.9375 15 19.28 1.06066
13 14.9375 19.36 0.975961
13.0625 14.875 19.44 0.831174
13.125 14.8125 19.52 0.812158
13.125 14.8125 19.6 0.693109
13.125 14.75 19.68 0.715297
13.1875 14.75 19.76 0.658426
13.1875 14.75 19.84 0.552743
13.25 14.75 19.92 0.53033
13.25 14.75 20 0.53033
13.25 14.75 20.08 0.53033
13.25 14.75 20.16 0.53033
13.25 14.75 20.24 0.53033
13.3125 14.8125 20.32 0.5
13.25 14.8125 20.4 0.53033
13.25 14.8125 20.48 0.53033
13.3125 14.875 20.56 0.609118
13.25 14.875 20.64 0.53033
13.3125 14.9375 20.72 0.53033
13.3125 14.9375 20.8 0.53033
13.3125 14.9375 20.88 0.5
13.3125 15 20.96 0.53033
13.375 15 21.04 0.508576
15 150
12.9375 15 19.28 1.06066
12.875 15.0625 19.36 1.04553
12.875 15.125 19.44 0.95373
12.875 15.1875 19.52 0.95373
12.8125 15.1875 19.6 0.95373
12.8125 15.25 19.68 0.854634
12.8125 15.3125 19.76 0.894553
12.8125 15.3125 19.84 0.776144
12.8125 15.375 19.92 0.776144
12.8125 15.375 20 0.724983
12.8125 15.4375 20.08 0.724983
12.8125 15.4375 20.16 0.724983
12.8125 15.5 20.24 0.724983
12.8125 15.5 20.32 0.724983
12.8125 15.5625 20.4 0.707107
12.8125 15.5625 20.48 0.707107
12.875 15.5625 20.56 0.625
12.8125 15.625 20.64 0.715297
12.875 15.625 20.72 0.707107
12.875 15.6875 20.8 0.625
12.875 15.6875 20.88 0.715297
12.875 15.6875 20.96 0.619395
12.9375 15.75 21.04 0.619395
12.9375 15.75 21.12 0.715297
12.9375 15.75 21.2 0.619395
12.9375 15.8125 21.28 0.619395
12.9375 15.8125 21.36 0.619395
13 15.8125 21.44 0.55394
13 15.875 21.52 0.524976
13 15.875 21.6 0.559017
13 15.875 21.68 0.619395
13 15.875 21.76 0.55394
13 15.875 21.84 0.53033
13 15.9375 21.92 0.53033
13.0625 15.9375 22 0.53033
13.0625 15.9375 22.08 0.53033
13 15.9375 22.16 0.53033
13.0625 15.9375 22.24 0.53033
13.0625 15.9375 22.32 0.55394
13.0625 15.9375 22.4 0.53033
13.0625 15.9375 22.48 0.53033
13.0625 15.9375 22.56 0.53033
13.0625 15.9375 22.64 0.53033
13.125 15.9375 22.72 0.53033
13.125 15.9375 22.8 0.53033
13.125 15.9375 22.88 0.5
13.125 16 22.96 0.53033
13.125 16 23.04 0.53033
13.125 15.9375 23.12 0.53033
13.125 15.9375 23.2 0.53033
13.125 15.9375 23.28 0.53033
13.1875 15.9375 23.36 0.53033
13.1875 15.9375 23.44 0.53033
13.1875 15.9375 23.52 0.5
13.1875 15.9375 23.6 0.53033
13.25 15.9375 23.68 0.508576
13.25 16 23.76 0.450694
13.25 16 23.84 0.450694
13.3125 15.9375 23.92 0.478252
13.3125 15.9375 24 0.5
13.3125 15.9375 24.08 0.5
13.3125 15.9375 24.16 0.5
13.3125 15.9375 24.24 0.53033
13.3125 15.9375 24.32 0.53033
13.3125 15.9375 24.4 0.53033
13.3125 15.9375 24.48 0.53033
13.375 15.9375 24.56 0.5
13.375 15.9375 24.64 0.53033
13.375 15.9375 24.72 0.5
13.375 15.9375 24.8 0.5
13.375 15.9375 24.88 0.53033
13.375 15.9375 24.96 0.53033
13.375 15.9375 25.04 0.53033
13.375 15.9375 25.12 0.53033
13.4375 15.9375 25.2 0.53033
13.4375 15.9375 25.28 0.5
13.4375 15.9375 25.36 0.53033
13.4375 15.9375 25.44 0.53033
13.4375 15.9375 25.52 0.53033
13.4375 15.9375 25.6 0.53033
13.4375 15.9375 25.68 0.5
13.4375 15.9375 25.76 0.53033
13.4375 15.9375 25.84 0.450694
13.5 15.875 25.92 0.53033
13.5 15.875 26 0.53033
13.5 15.875 26.08 0.53033
13.5 15.875 26.16 0.53033
13.5 15.875 26.24 0.53033
13.5625 15.875 26.32 0.53033
13.5625 15.875 26.4 0.5
13.5625 15.875 26.48 0.53033
13.5625 15.875 26.56 0.53033
13.625 15.875 26.64 0.450694
13.625 15.875 26.72 0.53033
13.625 15.875 26.8 0.450694
13.625 15.875 26.88 0.450694
13.6875 15.8125 26.96 0.53033
13.6875 15.8125 27.04 0.450694
13.6875 15.8125 27.12 0.450694
13.75 15.8125 27.2 0.53033
13.75 15.8125 27.28 0.450694
13.8125 15.8125 27.36 0.492976
13.8125 15.75 27.44 0.450694
13.875 15.75 27.52 0.53033
13.9375 15.75 27.6 0.53033
14 15.75 27.68 0.492976
14.0625 15.75 27.76 0.541202
14.0625 15.6875 27.84 0.476865
14.125 15.625 27.92 0.426439
14.1875 15.625 28 0.53033
14.1875 15.625 28.08 0.53033
14.25 15.625 28.16 0.5
14.25 15.5625 28.24 0.53033
14.1875 15.5625 28.32 0.53033
14.1875 15.5625 28.4 0.55394
14.1875 15.5625 28.48 0.609118
14.125 15.5625 28.56 0.609118
14.0625 15.625 28.64 0.609118
14 15.625 28.72 0.609118
13.9375 15.6875 28.8 0.609118
13.875 15.625 28.8 0.508576
13.8125 15.6875 28.88 0.541202
13.75 15.75 28.96 0.53033
13.75 15.8125 28.96 0.541202
13.6875 15.875 29.04 0.541202
13.625 15.875 29.04 0.609118
13.5625 15.9375 29.12 0.53033
13.5 16 29.2 0.53033
13.5 16.0625 29.28 0.609118
13.5 16.125 29.36 0.53033
13.4375 16.125 29.44 0.426439
13.4375 16.125 29.52 0.476865
13.4375 16.1875 29.6 0.450694
13.4375 16.1875 29.68 0.450694
13.4375 16.1875 29.76 0.541202
13.4375 16.1875 29.84 0.406079
13.4375 16.125 29.92 0.365582
13.4375 16.0625 30 0.353553
13.375 16.0625 30.08 0.296816
13.375 16 30.16 0.343548
13.4375 15.9375 30.16 0.296816
13.5 15.875 30.24 0.343548
13.5625 15.8125 30.32 0.343548
13.5625 15.75 30.4 0.32
13.625 15.6875 30.48 0.238432
13.6875 15.625 30.48 0.279508
13.75 15.625 30.48 0.343548
13.8125 15.5625 30.56 0.343548
13.875 15.5625 30.56 0.322064
13.9375 15.5625 30.48 0.406079
16 312
17.875 16.25 10 0.6919
17.8125 16.25 10.08 0.715297
17.75 16.25 10.16 0.609118
17.6875 16.25 10.24 0.426439
17.625 16.25 10.32 0.406079
17.625 16.25 10.4 0.296816
17.625 16.25 10.48 0.25
17.625 16.25 10.56 0.279508
17.625 16.25 10.64 0.25
17.625 16.25 10.72 0.25
17.625 16.25 10.8 0.25
17.625 16.1875 10.88 0.25
17.625 16.1875 10.96 0.238432
17.6875 16.1875 11.04 0.25
17.6875 16.1875 11.12 0.25
17.6875 16.25 11.2 0.25
17.6875 16.25 11.28 0.25
17.6875 16.1875 11.36 0.296816
17.6875 16.1875 11.44 0.353553
17.6875 16.1875 11.52 0.279508
17.6875 16.1875 11.6 0.279508
17.75 16.1875 11.68 0.25
17.75 16.1875 11.76 0.25
17.75 16.1875 11.84 0.279508
17.75 16.1875 11.92 0.296816
17.75 16.1875 12 0.25
17.75 16.1875 12.08 0.25
17.75 16.1875 12.16 0.279508
17.75 16.1875 12.24 0.279508
17.75 16.1875 12.32 0.279508
17.75 16.125 12.4 0.279508
17.75 16.125 12.48 0.279508
17.75 16.1875 12.56 0.279508
17.75 16.1875 12.64 0.279508
17.75 16.1875 12.72 0.296816
17.75 16.125 12.8 0.279508
17.75 16.125 12.88 0.279508
17.75 16.1875 12.96 0.25
17.8125 16.1875 13.04 0.279508
17.8125 16.25 13.12 0.25
17.8125 16.1875 13.2 0.296816
17.8125 16.1875 13.28 0.279508
17.8125 16.1875 13.36 0.279508
17.8125 16.1875 13.44 0.279508
17.8125 16.1875 13.52 0.279508
17.8125 16.1875 13.6 0.279508
17.8125 16.1875 13.68 0.279508
17.8125 16.1875 13.76 0.279508
17.8125 16.1875 13.84 0.25
17.8125 16.25 13.92 0.25
17.8125 16.25 14 0.25
17.8125 16.25 14.08 0.25
17.8125 16.25 14.16 0.25
17.75 16.25 14.24 0.279508
17.75 16.25 14.32 0.279508
17.75 16.25 14.4 0.322064
17.75 16.25 14.48 0.279508
17.75 16.3125 14.56 0.25
17.75 16.3125 14.64 0.25
17.6875 16.3125 14.72 0.296816
17.6875 16.3125 14.8 0.296816
17.6875 16.3125 14.88 0.25
17.625 16.3125 14.96 0.279508
17.625 16.3125 15.04 0.279508
17.625 16.375 15.12 0.25
17.625 16.375 15.2 0.25
17.5625 16.375 15.28 0.279508
17.5625 16.375 15.36 0.279508
17.5625 16.375 15.44 0.25
17.5 16.375 15.52 0.296816
17.5 16.375 15.6 0.296816
17.5 16.4375 15.68 0.25
17.4375 16.4375 15.76 0.296816
17.4375 16.4375 15.84 0.353553
17.4375 16.4375 15.92 0.279508
17.4375 16.4375 16 0.296816
17.375 16.4375 16.08 0.279508
17.375 16.5 16.16 0.279508
17.375 16.5 16.24 0.279508
17.375 16.5 16.32 0.279508
17.3125 16.5 16.4 0.279508
17.3125 16.5 16.48 0.322064
17.3125 16.5 16.56 0.279508
17.3125 16.5625 16.64 0.296816
17.3125 16.5625 16.72 0.25
17.3125 16.5625 16.8 0.296816
17.3125 16.5625 16.88 0.279508
17.25 16.5625 16.96 0.322064
17.25 16.5625 17.04 0.353553
17.25 16.5625 17.12 0.279508
17.3125 16.625 17.2 0.279508
17.3125 16.625 17.28 0.279508
17.3125 16.625 17.36 0.322064
17.3125 16.625 17.44 0.353553
17.3125 16.625 17.52 0.353553
17.3125 16.625 17.6 0.353553
17.3125 16.625 17.68 0.353553
17.3125 16.625 17.76 0.353553
17.3125 16.625 17.84 0.279508
17.375 16.6875 17.92 0.279508
17.375 16.6875 18 0.353553
17.375 16.6875 18.08 0.353553
17.375 16.6875 18.16 0.353553
17.375 16.6875 18.24 0.353553
17.375 16.6875 18.32 0.296816
17.4375 16.75 18.4 0.279508
17.4375 16.75 18.48 0.279508
17.4375 16.75 18.56 0.279508
17.4375 16.75 18.64 0.296816
17.5 16.75 18.72 0.279508
17.5 16.75 18.8 0.279508
17.5 16.6875 18.88 0.353553
17.5 16.75 18.96 0.322064
17.5 16.75 19.04 0.279508
17.5625 16.75 19.12 0.279508
17.5 16.75 19.2 0.322064
17.5 16.6875 19.28 0.322064
17.5 16.6875 19.36 0.279508
17.5625 16.75 19.44 0.279508
17.5625 16.75 19.52 0.353553
17.5625 16.75 19.6 0.353553
17.5625 16.75 19.68 0.353553
17.5625 16.75 19.76 0.353553
17.5625 16.75 19.84 0.353553
17.625 16.75 19.92 0.322064
17.625 16.75 20 0.279508
17.625 16.8125 20.08 0.279508
17.625 16.8125 20.16 0.279508
17.625 16.8125 20.24 0.353553
17.625 16.8125 20.32 0.296816
17.625 16.8125 20.4 0.25
17.6875 16.8125 20.48 0.296816
17.6875 16.8125 20.56 0.279508
17.75 16.8125 20.64 0.25
17.6875 16.8125 20.72 0.296816
17.6875 16.875 20.8 0.296816
17.75 16.875 20.88 0.279508
17.75 16.875 20.96 0.279508
17.75 16.875 21.04 0.279508
17.75 16.875 21.12 0.353553
17.75 16.875 21.2 0.353553
17.75 16.875 21.28 0.353553
17.75 16.875 21.36 0.279508
17.75 16.875 21.44 0.279508
17.75 16.875 21.52 0.279508
17.75 16.875 21.6 0.279508
17.8125 16.875 21.68 0.279508
17.8125 16.875 21.76 0.279508
17.8125 16.875 21.84 0.279508
17.8125 16.875 21.92 0.279508
17.8125 16.875 22 0.279508
17.8125 16.8125 22.08 0.279508
17.8125 16.8125 22.16 0.279508
17.8125 16.8125 22.24 0.279508
17.8125 16.8125 22.32 0.25
17.875 16.8125 22.4 0.25
17.875 16.8125 22.48 0.25
17.875 16.8125 22.56 0.279508
17.875 16.75 22.64 0.25
17.9375 16.75 22.72 0.279508
17.9375 16.8125 22.8 0.25
18 16.8125 22.88 0.25
18 16.75 22.96 0.296816
18 16.75 23.04 0.296816
18.0625 16.6875 23.12 0.353553
18.0625 16.6875 23.2 0.279508
18.125 16.6875 23.28 0.353553
18.125 16.6875 23.36 0.279508
18.1875 16.6875 23.44 0.353553
18.1875 16.6875 23.52 0.353553
18.1875 16.6875 23.6 0.279508
18.25 16.6875 23.68 0.279508
18.25 16.6875 23.76 0.279508
18.3125 16.75 23.84 0.25
18.3125 16.75 23.92 0.296816
18.375 16.75 24 0.353553
18.4375 16.75 24.08 0.296816
18.5 16.8125 24.16 0.279508
18.5625 16.8125 24.24 0.296816
18.625 16.875 24.32 0.32
18.6875 16.9375 24.32 0.238432
18.75 17 24.4 0.238432
18.8125 17.0625 24.4 0.238432
18.8125 17.125 24.4 0.203039
18.8125 17.1875 24.4 0.203039
18.875 17.25 24.4 0.203039
18.875 17.3125 24.4 0.238432
18.875 17.375 24.4 0.32
18.9375 17.4375 24.4 0.32
19 17.5 24.4 0.238432
19.0625 17.5625 24.4 0.32
19.125 17.625 24.4 0.343548
19.1875 17.625 24.48 0.296816
19.25 17.5625 24.56 0.279508
19.3125 17.5625 24.64 0.296816
19.3125 17.5 24.72 0.279508
19.3125 17.4375 24.8 0.296816
19.25 17.375 24.88 0.296816
19.1875 17.3125 24.96 0.296816
19.1875 17.25 25.04 0.25
19.125 17.25 25.12 0.296816
19.125 17.25 25.2 0.25
19.125 17.1875 25.28 0.296816
19.0625 17.1875 25.36 0.279508
19.0625 17.1875 25.44 0.25
19.0625 17.125 25.52 0.25
19.0625 17.125 25.6 0.279508
19.0625 17.125 25.68 0.25
19.0625 17.0625 25.76 0.25
19.125 17.0625 25.84 0.25
19.125 17.0625 25.92 0.25
19.125 17.0625 26 0.25
19.125 17.0625 26.08 0.25
19.125 17.0625 26.16 0.238432
19.1875 17 26.24 0.238432
19.1875 17 26.32 0.25
19.1875 17 26.4 0.25
19.1875 17 26.48 0.25
19.1875 17 26.56 0.25
19.25 17 26.64 0.296816
19.3125 17.0625 26.72 0.238432
19.3125 17.125 26.72 0.176777
19.375 17.1875 26.8 0.16
19.4375 17.25 26.8 0.16
19.4375 17.3125 26.8 0.16
19.4375 17.375 26.8 0.16
19.4375 17.4375 26.8 0.16
19.4375 17.5 26.8 0.16
19.4375 17.5625 26.8 0.16
19.4375 17.625 26.8 0.16
19.4375 17.6875 26.8 0.16
19.4375 17.75 26.8 0.16
19.4375 17.8125 26.8 0.16
19.4375 17.875 26.8 0.16
19.375 17.9375 26.8 0.16
19.3125 18 26.72 0.203039
19.25 18.0625 26.72 0.238432
19.25 18.125 26.72 0.238432
19.25 18.1875 26.72 0.203039
19.25 18.25 26.72 0.203039
19.1875 18.3125 26.72 0.203039
19.125 18.375 26.72 0.238432
19.0625 18.4375 26.72 0.238432
19 18.4375 26.72 0.32
18.9375 18.5 26.72 0.32
18.875 18.5 26.72 0.32
18.8125 18.5625 26.72 0.32
18.75 18.5625 26.72 0.32
18.6875 18.5625 26.72 0.32
18.625 18.625 26.72 0.32
18.5625 18.625 26.72 0.32
18.5 18.625 26.72 0.32
18.4375 18.6875 26.72 0.32
18.375 18.625 26.72 0.343548
18.3125 18.625 26.8 0.32
18.25 18.625 26.8 0.32
18.1875 18.5625 26.8 0.343548
18.125 18.5625 26.88 0.32
18.0625 18.5 26.88 0.343548
18 18.4375 26.96 0.343548
18 18.375 26.96 0.32
17.9375 18.3125 27.04 0.32
17.875 18.25 27.12 0.238432
17.875 18.1875 27.12 0.296816
17.875 18.125 27.2 0.32
17.875 18.0625 27.2 0.238432
17.8125 18 27.28 0.32
17.8125 17.9375 27.36 0.203039
17.75 17.875 27.36 0.238432
17.6875 17.8125 27.44 0.238432
17.6875 17.75 27.52 0.238432
17.6875 17.75 27.6 0.176777
17.6875 17.8125 27.68 0.176777
17.75 17.875 27.76 0.203039
17.8125 17.9375 27.84 0.16
17.8125 18 27.84 0.203039
17.875 18.0625 27.92 0.203039
17.9375 18.125 28 0.176777
17.9375 18.0625 28.08 0.176777
17.9375 18.125 28.16 0.125
17.9375 18.0625 28.24 0.203039
18 18 28.32 0.16
18.0625 17.9375 28.32 0.16
18 17.875 28.4 0.125
17.9375 17.8125 28.4 0.16
17.9375 17.75 28.4 0.125
17.875 17.6875 28.4 0.16
17.8125 17.625 28.32 0.203039
17.75 17.625 28.32 0.16
17.6875 17.5625 28.32 0.125
17.625 17.5 28.24 0.125
17.5625 17.4375 28.24 0.125
17.5 17.375 28.24 0.125
17.4375 17.375 28.24 0.125
17.375 17.3125 28.24 0.16
17.3125 17.25 28.24 0.16
17.25 17.1875 28.32 0.16
17.1875 17.125 28.32 0.203039
17.125 17.0625 28.4 0.203039
17.125 17.0625 28.48 0.16
17.0625 17 28.56 0.16
17 16.9375 28.64 0.125
17 16.875 28.72 0.16
16.9375 16.8125 28.8 0.125
16.875 16.75 28.88 0.125
16.875 16.6875 28.88 0.16
16.8125 16.625 28.96 0.16
16.75 16.625 28.96 0.125
16.6875 16.5625 29.04 0.125
16.625 16.5 29.12 0.16
16.5625 16.4375 29.04 0.25
16.5 16.375 29.04 0.343548
17 3
17.875 16.25 10 0.6919
17.9375 16.25 10.08 0.728869
18 16.25 10.16 0.821721
18 16
19.0625 15.4375 22.16 0.395285
19 15.375 22.24 0.406079
18.9375 15.375 22.24 0.322064
18.875 15.375 22.32 0.322064
18.8125 15.375 22.4 0.322064
18.8125 15.375 22.48 0.353553
18.8125 15.375 22.56 0.296816
18.75 15.4375 22.64 0.406079
18.75 15.4375 22.72 0.296816
18.75 15.375 22.8 0.296816
18.6875 15.3125 22.88 0.343548
18.6875 15.25 22.96 0.32
18.6875 15.1875 22.96 0.32
18.6875 15.125 22.96 0.32
18.625 15.0625 22.88 0.343548
18.6875 15 22.88 0.296816
19 85
19.0625 15.4375 22.16 0.395285
19.125 15.4375 22.24 0.476865
19.1875 15.4375 22.32 0.476865
19.1875 15.4375 22.4 0.388072
19.1875 15.4375 22.48 0.353553
19.25 15.4375 22.56 0.353553
19.25 15.4375 22.64 0.375
19.25 15.4375 22.72 0.375
19.25 15.4375 22.8 0.375
19.25 15.4375 22.88 0.375
19.25 15.375 22.96 0.353553
19.3125 15.4375 23.04 0.353553
19.3125 15.375 23.12 0.388072
19.3125 15.375 23.2 0.353553
19.3125 15.375 23.28 0.296816
19.375 15.3125 23.36 0.279508
19.375 15.3125 23.44 0.279508
19.375 15.3125 23.52 0.279508
19.375 15.3125 23.6 0.322064
19.375 15.3125 23.68 0.279508
19.375 15.25 23.76 0.279508
19.4375 15.25 23.84 0.279508
19.4375 15.25 23.92 0.296816
19.4375 15.25 24 0.25
19.4375 15.1875 24.08 0.296816
19.4375 15.1875 24.16 0.279508
19.5 15.1875 24.24 0.296816
19.5 15.1875 24.32 0.353553
19.5 15.1875 24.4 0.279508
19.5 15.1875 24.48 0.25
19.5 15.125 24.56 0.279508
19.5625 15.125 24.64 0.279508
19.5625 15.125 24.72 0.353553
19.5625 15.125 24.8 0.296816
19.625 15.125 24.88 0.279508
19.625 15.125 24.96 0.279508
19.625 15.125 25.04 0.296816
19.6875 15.0625 25.12 0.279508
19.6875 15.0625 25.2 0.279508
19.75 15.0625 25.28 0.279508
19.75 15.0625 25.36 0.353553
19.75 15.0625 25.44 0.279508
19.8125 15.125 25.52 0.279508
19.8125 15.125 25.6 0.296816
19.875 15.125 25.68 0.279508
19.875 15.125 25.76 0.296816
19.9375 15.125 25.84 0.322064
20 15.125 25.92 0.406079
20 15.125 26 0.296816
20.0625 15.125 26.08 0.322064
20.125 15.125 26.16 0.322064
20.1875 15.1875 26.24 0.279508
20.25 15.1875 26.32 0.406079
20.3125 15.1875 26.4 0.365582
20.375 15.25 26.48 0.322064
20.4375 15.25 26.56 0.322064
20.5 15.25 26.56 0.406079
20.5625 15.3125 26.64 0.406079
20.625 15.3125 26.72 0.322064
20.6875 15.375 26.8 0.343548
20.75 15.375 26.8 0.365582
20.8125 15.4375 26.88 0.279508
20.875 15.4375 26.96 0.322064
20.9375 15.4375 27.04 0.322064
20.9375 15.5 27.12 0.296816
21 15.4375 27.2 0.279508
21.0625 15.4375 27.2 0.343548
21.125 15.375 27.28 0.279508
21.1875 15.3125 27.36 0.32
21.25 15.3125 27.36 0.238432
21.3125 15.25 27.36 0.203039
21.3125 15.1875 27.44 0.203039
21.3125 15.125 27.44 0.203039
21.375 15.0625 27.52 0.203039
21.375 15 27.52 0.238432
21.375 14.9375 27.52 0.32
21.375 14.875 27.52 0.32
21.375 14.8125 27.6 0.32
21.3125 14.75 27.6 0.32
21.25 14.6875 27.6 0.32
21.1875 14.625 27.68 0.32
21.125 14.5625 27.6 0.32
21.0625 14.5 27.68 0.32
21 14.5 27.6 0.32
20.9375 14.4375 27.6 0.32
20 63
19.375 15.9375 23.04 0.450694
19.375 15.9375 23.12 0.450694
19.375 15.9375 23.2 0.450694
19.375 15.9375 23.28 0.450694
19.4375 15.9375 23.36 0.450694
19.375 15.9375 23.44 0.407707
19.375 15.9375 23.52 0.375
19.375 15.875 23.6 0.395285
19.4375 15.875 23.68 0.450694
19.4375 15.875 23.76 0.450694
19.4375 15.875 23.84 0.450694
19.4375 15.875 23.92 0.407707
19.4375 15.8125 24 0.426439
19.4375 15.8125 24.08 0.450694
19.4375 15.8125 24.16 0.450694
19.4375 15.8125 24.24 0.450694
19.4375 15.8125 24.32 0.395285
19.4375 15.75 24.4 0.426439
19.4375 15.75 24.48 0.476865
19.5 15.75 24.56 0.395285
19.5 15.75 24.64 0.407707
19.5 15.6875 24.72 0.407707
19.5 15.6875 24.8 0.450694
19.5 15.6875 24.88 0.476865
19.5625 15.6875 24.96 0.476865
19.5625 15.625 25.04 0.395285
19.625 15.625 25.12 0.476865
19.625 15.625 25.2 0.424882
19.6875 15.625 25.28 0.388072
19.6875 15.625 25.36 0.353553
19.6875 15.625 25.44 0.388072
19.6875 15.625 25.52 0.476865
19.6875 15.625 25.6 0.388072
19.6875 15.6875 25.68 0.476865
19.625 15.6875 25.76 0.424882
19.5625 15.75 25.84 0.48
19.5625 15.8125 25.84 0.48
19.5 15.875 25.84 0.48
19.4375 15.9375 25.84 0.496009
19.375 15.9375 25.84 0.496009
19.3125 16 25.76 0.476865
19.3125 16 25.68 0.426439
19.25 16 25.6 0.450694
19.1875 15.9375 25.52 0.476865
19.125 15.875 25.44 0.424882
19.125 15.8125 25.36 0.496009
19.125 15.75 25.36 0.375
19.0625 15.6875 25.36 0.407707
19.0625 15.625 25.36 0.476865
19.125 15.5625 25.44 0.375
19.0625 15.5 25.44 0.541202
19.0625 15.4375 25.52 0.476865
19.0625 15.375 25.6 0.492976
19.0625 15.3125 25.68 0.492976
19.0625 15.3125 25.76 0.450694
19.0625 15.3125 25.84 0.450694
19 15.25 25.92 0.450694
19 15.25 26 0.450694
19.0625 15.25 26.08 0.395285
19.0625 15.3125 26.16 0.450694
19.0625 15.3125 26.24 0.450694
19.0625 15.3125 26.32 0.450694
19.0625 15.3125 26.4 0.53033
21 36
16.5 16.375 29.04 0.343548
16.5625 16.3125 29.12 0.343548
16.5625 16.25 29.2 0.343548
16.5625 16.1875 29.2 0.296816
16.5625 16.125 29.28 0.343548
16.5625 16.0625 29.36 0.343548
16.5 16 29.44 0.406079
16.5 15.9375 29.52 0.406079
16.5 15.875 29.6 0.343548
16.5 15.8125 29.68 0.343548
16.5 15.75 29.76 0.343548
16.4375 15.6875 29.84 0.296816
16.4375 15.625 29.92 0.296816
16.4375 15.5625 30 0.25
16.5 15.5 30.08 0.296816
16.5 15.5 30.16 0.25
16.5 15.4375 30.24 0.25
16.4375 15.4375 30.32 0.25
16.5 15.375 30.4 0.25
16.5 15.375 30.48 0.25
16.5 15.375 30.56 0.25
16.5 15.3125 30.64 0.25
16.5 15.3125 30.72 0.296816
16.4375 15.3125 30.8 0.25
16.4375 15.3125 30.88 0.25
16.5 15.25 30.96 0.296816
16.5 15.25 31.04 0.296816
16.5 15.25 31.12 0.25
16.5 15.25 31.2 0.25
16.5 15.25 31.28 0.238432
16.5625 15.1875 31.36 0.238432
16.5625 15.1875 31.44 0.25
16.5625 15.1875 31.52 0.279508
16.5625 15.1875 31.6 0.279508
16.5625 15.1875 31.68 0.25
16.5 15.25 31.76 0.279508
22 52
13.75 13.25 18 0.238432
13.75 13.3125 18.08 0.203039
13.6875 13.375 18.16 0.203039
13.6875 13.4375 18.24 0.203039
13.625 13.5 18.32 0.203039
13.625 13.5625 18.4 0.203039
13.5625 13.625 18.48 0.203039
13.5 13.6875 18.56 0.203039
13.5 13.75 18.64 0.203039
13.4375 13.8125 18.72 0.203039
13.4375 13.875 18.8 0.203039
13.4375 13.9375 18.88 0.203039
13.4375 14 18.96 0.238432
13.4375 14.0625 19.04 0.203039
13.5 14.125 19.12 0.203039
13.5 14.1875 19.2 0.238432
13.5625 14.25 19.28 0.238432
13.5625 14.3125 19.36 0.296816
13.625 14.375 19.44 0.296816
13.625 14.4375 19.52 0.296816
13.6875 14.4375 19.6 0.296816
13.6875 14.5 19.68 0.25
13.75 14.5 19.76 0.25
13.75 14.5 19.84 0.25
13.75 14.5 19.92 0.25
13.8125 14.5 20 0.279508
13.8125 14.5 20.08 0.296816
13.8125 14.5 20.16 0.25
13.875 14.5 20.24 0.25
13.875 14.5 20.32 0.25
13.875 14.4375 20.4 0.25
13.875 14.4375 20.48 0.25
13.875 14.4375 20.56 0.25
13.9375 14.4375 20.64 0.25
13.9375 14.4375 20.72 0.25
13.9375 14.4375 20.8 0.25
13.9375 14.5 20.88 0.25
13.9375 14.5 20.96 0.25
13.9375 14.5 21.04 0.25
13.9375 14.5625 21.12 0.279508
13.9375 14.625 21.2 0.296816
13.9375 14.6875 21.28 0.32
13.875 14.75 21.36 0.238432
13.875 14.8125 21.36 0.32
13.8125 14.875 21.36 0.32
13.75 14.9375 21.28 0.32
13.6875 15 21.28 0.32
13.625 15 21.2 0.343548
13.5625 15 21.2 0.296816
13.5 15 21.12 0.406079
13.4375 15 21.12 0.424882
13.375 15 21.04 0.508576
23 16
13.375 15 21.04 0.508576
13.3125 15 21.12 0.53033
13.3125 15.0625 21.2 0.53033
13.3125 15.0625 21.28 0.53033
13.3125 15.125 21.36 0.492976
13.3125 15.125 21.44 0.450694
13.3125 15.125 21.52 0.450694
13.3125 15.125 21.6 0.492976
13.3125 15.1875 21.68 0.53033
13.3125 15.1875 21.76 0.53033
13.3125 15.1875 21.84 0.450694
13.3125 15.1875 21.92 0.450694
13.3125 15.25 22 0.53033
13.3125 15.25 22.08 0.53033
13.3125 15.25 22.16 0.53033
13.375 15.25 22.24 0.53033
24 6
14.0625 15.5625 30.16 0.125
14 15.625 30.16 0.16
13.9375 15.5625 30.24 0.203039
13.875 15.625 30.32 0.279508
13.875 15.625 30.4 0.296816
13.9375 15.5625 30.48 0.406079
25 81
13.9375 15.5625 30.48 0.406079
14 15.5 30.56 0.365582
14.0625 15.5 30.48 0.424882
14.125 15.5 30.48 0.48
14.1875 15.4375 30.48 0.48
14.25 15.375 30.48 0.48
14.3125 15.375 30.48 0.48
14.375 15.3125 30.48 0.424882
14.4375 15.3125 30.48 0.424882
14.5 15.3125 30.48 0.406079
14.5625 15.25 30.4 0.406079
14.625 15.1875 30.4 0.424882
14.6875 15.125 30.4 0.406079
14.75 15.125 30.4 0.406079
14.8125 15.0625 30.32 0.406079
14.875 15 30.32 0.406079
14.9375 15 30.32 0.424882
15 14.9375 30.32 0.406079
15.0625 14.9375 30.24 0.365582
15.125 14.875 30.24 0.406079
15.1875 14.875 30.24 0.406079
15.25 14.8125 30.24 0.406079
15.3125 14.75 30.24 0.365582
15.375 14.6875 30.32 0.365582
15.375 14.625 30.32 0.424882
15.4375 14.5625 30.32 0.406079
15.5 14.5 30.4 0.406079
15.5625 14.5 30.48 0.406079
15.625 14.4375 30.56 0.407707
15.6875 14.4375 30.64 0.476865
15.6875 14.375 30.72 0.492976
15.6875 14.375 30.8 0.450694
15.6875 14.375 30.88 0.450694
15.6875 14.375 30.96 0.450694
15.6875 14.375 31.04 0.450694
15.6875 14.375 31.12 0.450694
15.6875 14.375 31.2 0.609118
15.6875 14.4375 31.28 0.492976
15.625 14.4375 31.36 0.53033
15.625 14.5 31.44 0.609118
15.625 14.5625 31.52 0.478252
15.625 14.5625 31.6 0.476865
15.625 14.625 31.68 0.478252
15.625 14.6875 31.76 0.53033
15.625 14.625 31.84 0.450694
15.6875 14.625 31.92 0.541202
15.6875 14.5625 32 0.424882
15.75 14.5 32 0.48
15.8125 14.4375 32 0.48
15.8125 14.375 32 0.48
15.8125 14.3125 32 0.48
15.8125 14.25 32 0.48
15.75 14.1875 32 0.48
15.75 14.125 32 0.48
15.75 14.0625 32 0.48
15.75 14 31.92 0.496009
15.75 13.9375 31.92 0.511517
15.6875 13.875 31.84 0.48
15.625 13.8125 31.84 0.476865
15.625 13.75 31.84 0.406079
15.625 13.6875 31.76 0.48
15.5625 13.625 31.76 0.48
15.5625 13.5625 31.76 0.48
15.5625 13.5 31.76 0.48
15.5625 13.4375 31.76 0.406079
15.5625 13.375 31.84 0.424882
15.5625 13.3125 31.92 0.424882
15.625 13.25 32 0.496009
15.6875 13.25 32 0.424882
15.75 13.25 32.08 0.388072
15.8125 13.3125 32.16 0.424882
15.875 13.375 32.24 0.424882
15.875 13.4375 32.32 0.406079
15.875 13.5 32.32 0.365582
15.875 13.5625 32.4 0.406079
15.8125 13.625 32.48 0.343548
15.8125 13.6875 32.56 0.296816
15.8125 13.75 32.56 0.343548
15.75 13.8125 32.64 0.343548
15.6875 13.875 32.64 0.406079
15.625 13.9375 32.72 0.343548
26 148
18.875 9.6875 0.16 0.32
18.875 9.6875 0.24 0.25
18.875 9.6875 0.32 0.25
18.875 9.6875 0.4 0.25
18.875 9.75 0.48 0.238432
18.875 9.75 0.56 0.25
18.8125 9.75 0.64 0.25
18.8125 9.8125 0.72 0.238432
18.8125 9.8125 0.8 0.25
18.8125 9.8125 0.88 0.238432
18.8125 9.875 0.96 0.238432
18.8125 9.875 1.04 0.238432
18.8125 9.9375 1.12 0.238432
18.8125 9.9375 1.2 0.238432
18.8125 10 1.28 0.238432
18.8125 10.0625 1.36 0.238432
18.8125 10.0625 1.44 0.238432
18.8125 10.125 1.52 0.238432
18.8125 10.1875 1.6 0.238432
18.8125 10.25 1.68 0.238432
18.8125 10.3125 1.76 0.203039
18.8125 10.375 1.84 0.203039
18.8125 10.4375 1.92 0.203039
18.8125 10.5 2 0.238432
18.8125 10.5625 2.08 0.203039
18.8125 10.625 2.16 0.32
18.8125 10.6875 2.24 0.279508
18.8125 10.75 2.32 0.238432
18.8125 10.8125 2.4 0.238432
18.875 10.875 2.48 0.238432
18.875 10.9375 2.56 0.238432
18.9375 11 2.64 0.203039
18.875 11 2.72 0.25
18.9375 11 2.8 0.238432
18.9375 11.0625 2.88 0.25
18.9375 11.125 2.96 0.238432
18.9375 11.125 3.04 0.238432
18.9375 11.1875 3.12 0.238432
19 11.25 3.2 0.203039
19 11.25 3.28 0.238432
19 11.3125 3.36 0.203039
19 11.3125 3.44 0.279508
19 11.375 3.52 0.238432
19.0625 11.4375 3.6 0.203039
19.0625 11.4375 3.68 0.238432
19.0625 11.5 3.76 0.238432
19.0625 11.5625 3.84 0.238432
19.0625 11.625 3.92 0.238432
19.0625 11.6875 4 0.203039
19.0625 11.75 4 0.238432
19.0625 11.8125 4.08 0.238432
19.0625 11.875 4.16 0.238432
19.0625 11.9375 4.24 0.238432
19.0625 12 4.32 0.32
19.0625 12.0625 4.32 0.32
19.0625 12.125 4.32 0.238432
19.0625 12.1875 4.4 0.238432
19.0625 12.25 4.48 0.203039
19.0625 12.3125 4.48 0.238432
19 12.375 4.56 0.238432
19 12.4375 4.64 0.25
19 12.5 4.72 0.238432
19 12.5625 4.8 0.238432
19 12.625 4.88 0.238432
19 12.6875 4.96 0.296816
19 12.75 5.04 0.238432
19 12.8125 5.12 0.296816
19 12.875 5.2 0.238432
18.9375 12.9375 5.28 0.25
18.9375 13 5.36 0.279508
19 13.0625 5.44 0.238432
18.9375 13.125 5.52 0.279508
18.9375 13.1875 5.6 0.296816
18.9375 13.25 5.6 0.296816
19 13.3125 5.68 0.343548
19 13.375 5.76 0.343548
19 13.4375 5.84 0.343548
19 13.5 5.92 0.279508
19 13.5625 6 0.32
19 13.625 6 0.32
18.9375 13.6875 6.08 0.238432
19 13.75 6.08 0.343548
19 13.8125 6.16 0.279508
19 13.875 6.24 0.296816
19.0625 13.9375 6.32 0.25
19.0625 14 6.4 0.296816
19.0625 14.0625 6.48 0.279508
19.0625 14.125 6.48 0.343548
19.0625 14.1875 6.56 0.343548
19.0625 14.25 6.64 0.296816
19.125 14.3125 6.72 0.296816
19.125 14.375 6.8 0.343548
19.125 14.4375 6.88 0.296816
19.125 14.5 6.96 0.279508
19.1875 14.5625 7.04 0.365582
19.1875 14.5625 7.12 0.322064
19.1875 14.625 7.2 0.343548
19.1875 14.6875 7.2 0.296816
19.1875 14.75 7.28 0.25
19.25 14.75 7.36 0.279508
19.25 14.8125 7.44 0.322064
19.3125 14.8125 7.52 0.365582
19.3125 14.875 7.6 0.322064
19.3125 14.9375 7.68 0.296816
19.3125 15 7.76 0.279508
19.375 15 7.84 0.353553
19.375 15 7.92 0.279508
19.375 15.0625 8 0.296816
19.375 15.125 8.08 0.296816
19.375 15.1875 8.16 0.25
19.375 15.1875 8.24 0.25
19.375 15.25 8.32 0.25
19.375 15.3125 8.4 0.238432
19.375 15.375 8.48 0.238432
19.375 15.375 8.56 0.25
19.375 15.4375 8.64 0.25
19.375 15.4375 8.72 0.25
19.3125 15.4375 8.8 0.25
19.3125 15.5 8.88 0.25
19.3125 15.5625 8.96 0.25
19.3125 15.5625 9.04 0.279508
19.25 15.625 9.12 0.296816
19.25 15.625 9.2 0.353553
19.25 15.625 9.28 0.296816
19.1875 15.6875 9.36 0.296816
19.1875 15.6875 9.44 0.353553
19.1875 15.6875 9.52 0.279508
19.125 15.75 9.6 0.296816
19.0625 15.75 9.68 0.322064
19.0625 15.75 9.76 0.353553
19.0625 15.75 9.84 0.279508
19 15.75 9.92 0.322064
19 15.75 10 0.296816
18.9375 15.8125 10.08 0.343548
18.875 15.8125 10.08 0.406079
18.8125 15.8125 10.08 0.296816
18.75 15.875 10.16 0.343548
18.6875 15.8125 10.24 0.32
18.625 15.875 10.24 0.32
18.5625 15.9375 10.24 0.32
18.5 15.9375 10.24 0.32
18.4375 15.875 10.24 0.343548
18.375 15.875 10.24 0.343548
18.3125 15.9375 10.24 0.343548
18.25 16 10.24 0.406079
18.1875 16.0625 10.24 0.492976
18.125 16.125 10.24 0.593633
18.0625 16.1875 10.16 0.693109
27 136
26.4375 14.6875 7.92 0.32
26.375 14.625 8 0.343548
26.3125 14.5625 8 0.406079
26.25 14.5625 8 0.48
26.1875 14.625 8 0.48
26.125 14.625 8.08 0.496009
26.0625 14.625 8.08 0.511517
26 14.625 8.08 0.609118
25.9375 14.625 8.08 0.64
25.875 14.6875 8.08 0.64
25.8125 14.6875 8.16 0.621812
25.75 14.6875 8.16 0.658426
25.6875 14.6875 8.16 0.8
25.625 14.6875 8.16 0.715297
25.5625 14.75 8.24 0.663965
25.5 14.75 8.24 0.741772
25.4375 14.8125 8.24 0.687095
25.375 14.8125 8.32 0.687095
25.3125 14.8125 8.32 0.658426
25.25 14.8125 8.4 0.652093
25.1875 14.8125 8.4 0.663965
25.125 14.8125 8.4 0.658426
25.0625 14.875 8.4 0.64
25 14.875 8.48 0.687095
24.9375 14.875 8.48 0.687095
24.875 14.9375 8.56 0.687095
24.8125 14.9375 8.56 0.741772
24.75 14.9375 8.56 0.687095
24.6875 14.9375 8.64 0.687095
24.625 14.9375 8.64 0.687095
24.5625 15 8.72 0.687095
24.5 15 8.72 0.741772
24.4375 15.0625 8.8 0.687095
24.375 15.0625 8.8 0.8
24.3125 15.0625 8.8 0.715297
24.25 15.0625 8.88 0.687095
24.1875 15.125 8.88 0.698373
24.125 15.0625 8.96 0.687095
24.0625 15.125 8.96 0.741772
24 15.125 9.04 0.658426
23.9375 15.1875 9.04 0.687095
23.875 15.1875 9.04 0.715297
23.8125 15.1875 9.12 0.687095
23.75 15.1875 9.12 0.741772
23.6875 15.25 9.12 0.741772
23.625 15.25 9.2 0.658426
23.5625 15.3125 9.2 0.741772
23.5 15.25 9.28 0.687095
23.4375 15.3125 9.28 0.741772
23.375 15.375 9.28 0.741772
23.3125 15.3125 9.36 0.715297
23.25 15.375 9.36 0.715297
23.1875 15.375 9.44 0.707107
23.125 15.375 9.52 0.625
23.0625 15.4375 9.52 0.812158
23 15.5 9.6 0.698373
22.9375 15.5625 9.6 0.741772
22.875 15.625 9.68 0.693109
22.8125 15.625 9.68 0.693109
22.75 15.6875 9.76 0.741772
22.6875 15.6875 9.76 0.812158
22.625 15.75 9.84 0.812158
22.5625 15.75 9.84 0.741772
22.5 15.8125 9.92 0.715297
22.4375 15.875 10 0.741772
22.375 15.9375 10.08 0.715297
22.3125 15.9375 10.08 0.812158
22.25 16 10.16 0.812158
22.1875 16 10.24 0.698373
22.125 16.0625 10.24 0.741772
22.0625 16.125 10.32 0.707107
22 16.1875 10.4 0.715297
21.9375 16.1875 10.4 0.693109
21.875 16.25 10.48 0.741772
21.8125 16.3125 10.56 0.741772
21.75 16.375 10.56 0.715297
21.6875 16.375 10.64 0.693109
21.625 16.4375 10.72 0.715297
21.5625 16.4375 10.72 0.658426
21.5 16.5 10.8 0.741772
21.4375 16.5 10.8 0.715297
21.375 16.5625 10.88 0.698373
21.3125 16.5625 10.88 0.715297
21.25 16.625 10.96 0.715297
21.1875 16.625 11.04 0.715297
21.125 16.625 11.04 0.782768
21.0625 16.6875 11.04 0.812158
21 16.6875 11.12 0.645155
20.9375 16.6875 11.12 0.707107
20.875 16.6875 11.2 0.645155
20.8125 16.75 11.2 0.741772
20.75 16.6875 11.28 0.606651
20.6875 16.6875 11.28 0.593633
20.625 16.6875 11.28 0.593633
20.5625 16.6875 11.28 0.687095
20.5 16.6875 11.36 0.658426
20.4375 16.6875 11.36 0.693109
20.375 16.6875 11.36 0.715297
20.3125 16.6875 11.36 0.619395
20.25 16.625 11.44 0.64
20.1875 16.625 11.44 0.652093
20.125 16.625 11.44 0.652093
20.0625 16.5625 11.44 0.621812
20 16.5625 11.44 0.524976
19.9375 16.5625 11.44 0.687095
19.875 16.5625 11.44 0.652093
19.8125 16.5625 11.44 0.64
19.75 16.5 11.44 0.552743
19.6875 16.5 11.44 0.652093
19.625 16.5 11.44 0.64
19.5625 16.4375 11.44 0.5
19.5 16.4375 11.44 0.64
19.4375 16.4375 11.44 0.64
19.375 16.4375 11.36 0.64
19.3125 16.4375 11.36 0.652093
19.25 16.4375 11.36 0.652093
19.1875 16.4375 11.36 0.64
19.125 16.4375 11.28 0.609118
19.0625 16.4375 11.28 0.621812
19 16.375 11.2 0.687095
18.9375 16.375 11.2 0.658426
18.875 16.375 11.12 0.658426
18.8125 16.375 11.04 0.658426
18.75 16.375 11.04 0.658426
18.6875 16.4375 10.96 0.658426
18.625 16.375 10.88 0.715297
18.5625 16.4375 10.88 0.687095
18.5 16.4375 10.8 0.539653
18.4375 16.4375 10.8 0.715297
18.375 16.4375 10.72 0.715297
18.3125 16.375 10.64 0.715297
18.25 16.375 10.56 0.715297
18.1875 16.375 10.48 0.812158
18.125 16.375 10.4 0.812158
18.125 16.3125 10.32 0.812158
18.0625 16.25 10.24 0.782768
28 54
20.5625 13.0625 22.48 0.32
20.5625 13.125 22.48 0.32
20.5625 13.1875 22.48 0.25
20.5625 13.25 22.48 0.238432
20.625 13.3125 22.48 0.203039
20.625 13.375 22.48 0.238432
20.625 13.4375 22.48 0.32
20.625 13.5 22.48 0.32
20.625 13.5625 22.48 0.238432
20.625 13.625 22.56 0.203039
20.5625 13.6875 22.56 0.32
20.5 13.75 22.56 0.32
20.5 13.8125 22.64 0.32
20.4375 13.875 22.64 0.343548
20.4375 13.9375 22.72 0.343548
20.375 13.9375 22.8 0.279508
20.3125 13.9375 22.88 0.296816
20.25 13.9375 22.96 0.296816
20.1875 13.875 23.04 0.25
20.125 13.8125 23.12 0.238432
20.0625 13.8125 23.12 0.32
20 13.75 23.2 0.238432
19.9375 13.75 23.2 0.32
19.875 13.75 23.2 0.238432
19.8125 13.6875 23.28 0.238432
19.75 13.6875 23.28 0.32
19.6875 13.6875 23.28 0.32
19.625 13.6875 23.28 0.32
19.5625 13.6875 23.28 0.238432
19.5 13.6875 23.36 0.238432
19.4375 13.75 23.36 0.203039
19.375 13.75 23.36 0.238432
19.3125 13.75 23.36 0.238432
19.25 13.8125 23.36 0.238432
19.1875 13.8125 23.28 0.238432
19.125 13.875 23.28 0.32
19.125 13.9375 23.28 0.32
19.125 14 23.28 0.238432
19.0625 14.0625 23.28 0.238432
19.0625 14.125 23.2 0.238432
19 14.1875 23.12 0.25
19 14.25 23.12 0.238432
19.0625 14.3125 23.04 0.238432
19 14.375 22.96 0.25
19 14.4375 22.96 0.238432
19 14.5 22.88 0.238432
19 14.5625 22.8 0.238432
18.9375 14.625 22.72 0.238432
18.9375 14.6875 22.72 0.32
18.9375 14.75 22.72 0.238432
18.875 14.8125 22.8 0.203039
18.8125 14.875 22.8 0.32
18.8125 14.9375 22.8 0.32
18.75 15 22.88 0.343548
29 106
18.6875 14.9375 22.8 0.25
18.6875 14.9375 22.72 0.203039
18.625 14.875 22.64 0.176777
18.625 14.875 22.56 0.176777
18.6875 14.875 22.48 0.203039
18.75 14.875 22.4 0.176777
18.75 14.875 22.32 0.238432
18.8125 14.875 22.24 0.176777
18.8125 14.875 22.16 0.176777
18.8125 14.875 22.08 0.176777
18.875 14.875 22 0.203039
18.8125 14.8125 21.92 0.238432
18.8125 14.8125 21.84 0.203039
18.8125 14.75 21.76 0.203039
18.75 14.6875 21.68 0.203039
18.6875 14.625 21.6 0.203039
18.6875 14.5625 21.6 0.203039
18.625 14.5 21.52 0.203039
18.625 14.4375 21.44 0.203039
18.625 14.375 21.44 0.203039
18.5625 14.3125 21.36 0.238432
18.5625 14.25 21.36 0.203039
18.5 14.1875 21.28 0.203039
18.5 14.125 21.2 0.203039
18.5 14.0625 21.2 0.203039
18.5 14 21.12 0.203039
18.5 13.9375 21.12 0.203039
18.5 13.875 21.12 0.203039
18.5 13.8125 21.12 0.203039
18.5 13.75 21.12 0.203039
18.5 13.6875 21.12 0.203039
18.4375 13.625 21.2 0.203039
18.4375 13.5625 21.2 0.203039
18.4375 13.5 21.28 0.203039
18.4375 13.4375 21.28 0.203039
18.4375 13.375 21.36 0.203039
18.375 13.3125 21.44 0.203039
18.375 13.25 21.44 0.238432
18.375 13.1875 21.52 0.203039
18.375 13.125 21.52 0.203039
18.375 13.0625 21.52 0.203039
18.375 13 21.52 0.203039
18.375 12.9375 21.6 0.203039
18.4375 12.875 21.6 0.203039
18.4375 12.8125 21.68 0.203039
18.5 12.75 21.68 0.203039
18.5 12.6875 21.68 0.203039
18.5625 12.625 21.76 0.16
18.5 12.5625 21.76 0.203039
18.5 12.5 21.76 0.203039
18.5 12.4375 21.84 0.203039
18.5625 12.375 21.84 0.203039
18.5625 12.3125 21.92 0.203039
18.5625 12.25 22 0.203039
18.5 12.1875 22.08 0.203039
18.5 12.125 22.08 0.238432
18.5 12.0625 22.16 0.203039
18.5 12 22.24 0.203039
18.4375 11.9375 22.32 0.203039
18.375 11.875 22.32 0.203039
18.3125 11.8125 22.4 0.238432
18.25 11.8125 22.48 0.176777
18.1875 11.75 22.48 0.238432
18.125 11.75 22.48 0.203039
18.0625 11.6875 22.56 0.203039
18 11.6875 22.64 0.203039
17.9375 11.625 22.72 0.203039
17.875 11.625 22.72 0.238432
17.8125 11.625 22.8 0.238432
17.8125 11.625 22.88 0.203039
17.75 11.5625 22.96 0.176777
17.8125 11.625 23.04 0.16
17.75 11.6875 23.12 0.16
17.6875 11.625 23.2 0.176777
17.6875 11.625 23.28 0.176777
17.625 11.6875 23.36 0.203039
17.625 11.6875 23.44 0.238432
17.625 11.75 23.52 0.203039
17.5625 11.75 23.6 0.176777
17.5625 11.8125 23.68 0.176777
17.625 11.875 23.76 0.125
17.625 11.875 23.84 0.16
17.5625 11.875 23.92 0.125
17.5 11.8125 24 0.176777
17.5 11.8125 24.08 0.176777
17.4375 11.75 24.16 0.203039
17.5 11.6875 24.24 0.16
17.5 11.625 24.24 0.125
17.4375 11.5625 24.24 0.16
17.4375 11.5 24.24 0.16
17.4375 11.4375 24.24 0.125
17.375 11.375 24.32 0.16
17.375 11.3125 24.32 0.16
17.375 11.25 24.32 0.16
17.375 11.1875 24.32 0.125
17.3125 11.125 24.32 0.16
17.3125 11.0625 24.32 0.16
17.375 11 24.32 0.16
17.375 10.9375 24.32 0.16
17.375 10.875 24.32 0.16
17.375 10.8125 24.32 0.16
17.375 10.75 24.32 0.16
17.375 10.6875 24.32 0.16
17.375 10.625 24.32 0.16
17.375 10.5625 24.32 0.16
17.375 10.5 24.32 0.16
30 69
20.9375 14.4375 27.6 0.32
20.9375 14.375 27.6 0.32
20.9375 14.3125 27.6 0.32
20.875 14.25 27.6 0.32
20.875 14.1875 27.6 0.238432
20.9375 14.125 27.52 0.32
20.9375 14.0625 27.52 0.32
21 14 27.52 0.238432
21 13.9375 27.52 0.238432
21.0625 13.875 27.6 0.238432
21.125 13.8125 27.68 0.203039
21.125 13.75 27.68 0.238432
21.125 13.6875 27.68 0.238432
21.1875 13.625 27.76 0.238432
21.1875 13.5625 27.76 0.238432
21.1875 13.5 27.84 0.238432
21.25 13.4375 27.92 0.238432
21.25 13.375 27.92 0.238432
21.25 13.3125 28 0.343548
21.25 13.25 28.08 0.343548
21.25 13.1875 28.16 0.296816
21.25 13.125 28.24 0.296816
21.25 13.0625 28.32 0.238432
21.1875 13 28.4 0.296816
21.1875 12.9375 28.48 0.238432
21.1875 12.875 28.56 0.203039
21.125 12.8125 28.64 0.203039
21.0625 12.75 28.64 0.32
21 12.6875 28.72 0.203039
20.9375 12.625 28.8 0.203039
20.875 12.5625 28.8 0.238432
20.875 12.5 28.88 0.203039
20.8125 12.4375 28.88 0.238432
20.75 12.4375 28.96 0.203039
20.6875 12.375 28.96 0.238432
20.625 12.3125 29.04 0.203039
20.5625 12.25 29.04 0.238432
20.5 12.25 29.12 0.203039
20.4375 12.1875 29.12 0.238432
20.375 12.1875 29.2 0.203039
20.3125 12.125 29.2 0.32
20.25 12.125 29.2 0.238432
20.1875 12.0625 29.28 0.203039
20.125 12.0625 29.28 0.203039
20.0625 12.0625 29.28 0.176777
20 12 29.28 0.238432
19.9375 12 29.28 0.238432
19.875 12 29.28 0.203039
19.8125 12 29.28 0.203039
19.75 12 29.28 0.238432
19.6875 12 29.28 0.238432
19.625 12.0625 29.28 0.203039
19.5625 12.0625 29.28 0.203039
19.5 12.0625 29.2 0.203039
19.4375 12.0625 29.2 0.238432
19.375 12.0625 29.2 0.203039
19.3125 12.125 29.2 0.16
19.25 12.0625 29.12 0.203039
19.1875 12.0625 29.12 0.203039
19.125 12 29.12 0.238432
19.0625 12 29.12 0.238432
19 12 29.12 0.203039
18.9375 11.9375 29.2 0.176777
18.9375 11.875 29.28 0.203039
18.875 11.8125 29.36 0.203039
18.9375 11.75 29.44 0.176777
18.9375 11.75 29.52 0.125
19 11.75 29.6 0.16
19.0625 11.6875 29.68 0.16
31 138
19.0625 15.3125 26.4 0.53033
19.0625 15.3125 26.48 0.450694
19.0625 15.375 26.56 0.492976
19.125 15.375 26.64 0.450694
19.125 15.375 26.72 0.450694
19.125 15.375 26.8 0.476865
19.125 15.4375 26.88 0.450694
19.125 15.4375 26.96 0.450694
19.1875 15.4375 27.04 0.450694
19.1875 15.4375 27.12 0.426439
19.1875 15.5 27.2 0.450694
19.1875 15.5 27.28 0.450694
19.1875 15.5 27.36 0.426439
19.25 15.5 27.44 0.53033
19.25 15.5 27.52 0.450694
19.25 15.5 27.6 0.450694
19.3125 15.5 27.68 0.426439
19.3125 15.5625 27.76 0.450694
19.3125 15.5625 27.84 0.450694
19.3125 15.5625 27.92 0.450694
19.3125 15.5625 28 0.450694
19.375 15.5625 28.08 0.478252
19.375 15.5625 28.16 0.450694
19.4375 15.5625 28.24 0.450694
19.4375 15.5625 28.32 0.450694
19.4375 15.5625 28.4 0.450694
19.4375 15.625 28.48 0.395285
19.4375 15.625 28.56 0.407707
19.5 15.625 28.64 0.450694
19.5 15.625 28.72 0.53033
19.5 15.625 28.8 0.476865
19.5625 15.625 28.88 0.407707
19.5625 15.625 28.96 0.476865
19.5625 15.6875 29.04 0.492976
19.625 15.6875 29.12 0.476865
19.625 15.6875 29.2 0.388072
19.625 15.75 29.28 0.375
19.625 15.75 29.36 0.406079
19.6875 15.75 29.44 0.296816
19.75 15.75 29.52 0.279508
19.6875 15.75 29.6 0.279508
19.6875 15.75 29.68 0.238432
19.6875 15.75 29.76 0.176777
19.75 15.75 29.84 0.279508
19.75 15.6875 29.92 0.343548
19.6875 15.625 29.92 0.279508
19.75 15.5625 30 0.32
19.8125 15.5 30.08 0.203039
19.75 15.4375 30.16 0.176777
19.6875 15.4375 30.16 0.238432
19.625 15.375 30.24 0.238432
19.5625 15.3125 30.32 0.32
19.5 15.25 30.32 0.343548
19.4375 15.25 30.32 0.343548
19.375 15.25 30.24 0.322064
19.3125 15.1875 30.32 0.365582
19.25 15.1875 30.24 0.322064
19.1875 15.125 30.32 0.322064
19.125 15.125 30.24 0.365582
19.0625 15.0625 30.24 0.406079
19 15.0625 30.16 0.353553
18.9375 15 30.16 0.353553
18.875 15 30.16 0.353553
18.8125 14.9375 30.16 0.406079
18.75 14.9375 30.16 0.424882
18.6875 14.875 30.16 0.406079
18.625 14.875 30.16 0.365582
18.5625 14.8125 30.08 0.406079
18.5 14.75 30.08 0.406079
18.4375 14.75 30.08 0.406079
18.375 14.75 30.08 0.406079
18.3125 14.6875 30.08 0.424882
18.25 14.625 30.08 0.353553
18.1875 14.625 30.08 0.406079
18.125 14.5625 30.08 0.406079
18.0625 14.5 30.16 0.406079
18 14.5 30.16 0.424882
17.9375 14.5 30.16 0.365582
17.875 14.4375 30.24 0.406079
17.8125 14.4375 30.24 0.406079
17.75 14.375 30.32 0.365582
17.6875 14.375 30.4 0.406079
17.625 14.3125 30.48 0.353553
17.625 14.3125 30.56 0.365582
17.5625 14.3125 30.64 0.322064
17.5625 14.25 30.72 0.406079
17.5 14.25 30.8 0.476865
17.5 14.25 30.88 0.407707
17.5625 14.25 30.96 0.388072
17.5625 14.3125 31.04 0.476865
17.5625 14.3125 31.12 0.395285
17.5625 14.375 31.2 0.407707
17.5625 14.375 31.28 0.476865
17.5625 14.4375 31.36 0.476865
17.5625 14.4375 31.44 0.388072
17.5625 14.5 31.52 0.406079
17.5625 14.5625 31.52 0.476865
17.5625 14.625 31.6 0.424882
17.5625 14.6875 31.68 0.450694
17.5625 14.6875 31.76 0.395285
17.5 14.625 31.84 0.388072
17.5 14.5625 31.92 0.406079
17.5625 14.5 32 0.365582
17.5 14.4375 32 0.424882
17.5 14.375 32 0.48
17.5 14.3125 32 0.48
17.5 14.25 32 0.406079
17.5 14.1875 32 0.406079
17.5 14.125 32 0.406079
17.5 14.0625 31.92 0.424882
17.5 14 31.92 0.496009
17.5 13.9375 31.92 0.48
17.5625 13.875 31.92 0.406079
17.5625 13.8125 31.84 0.424882
17.5625 13.75 31.84 0.424882
17.5625 13.6875 31.76 0.406079
17.625 13.625 31.76 0.48
17.625 13.5625 31.76 0.424882
17.6875 13.5 31.76 0.48
17.6875 13.4375 31.76 0.48
17.6875 13.375 31.84 0.406079
17.6875 13.3125 31.84 0.476865
17.625 13.25 31.92 0.424882
17.5625 13.25 32 0.48
17.5 13.1875 32 0.496009
17.4375 13.25 32.08 0.406079
17.375 13.3125 32.16 0.406079
17.3125 13.375 32.16 0.48
17.25 13.4375 32.16 0.406079
17.25 13.5 32.24 0.406079
17.3125 13.5625 32.32 0.343548
17.25 13.625 32.32 0.365582
17.3125 13.6875 32.4 0.343548
17.3125 13.75 32.4 0.365582
17.3125 13.8125 32.48 0.343548
17.375 13.875 32.56 0.343548
17.4375 13.9375 32.56 0.406079
17.5 14 32.64 0.406079
32 11
16.5625 15.1875 31.84 0.238432
16.625 15.1875 31.92 0.176777
16.625 15.1875 32 0.176777
16.6875 15.25 32.08 0.125
16.6875 15.25 32.16 0.125
16.75 15.1875 32.24 0.176777
16.8125 15.1875 32.32 0.125
16.8125 15.125 32.4 0.176777
16.875 15.0625 32.48 0.176777
16.9375 15 32.48 0.176777
17 14.9375 32.4 0.203039
33 10
16.5 15.25 31.84 0.238432
16.4375 15.25 31.92 0.203039
16.375 15.25 32 0.176777
16.3125 15.25 32.08 0.176777
16.25 15.25 32.16 0.176777
16.1875 15.25 32.24 0.203039
16.1875 15.25 32.32 0.16
16.125 15.25 32.4 0.16
16.0625 15.1875 32.4 0.203039
16 15.125 32.48 0.176777
34 11
13.4375 15.25 22.32 0.426439
13.5 15.1875 22.4 0.388072
13.5625 15.1875 22.48 0.388072
13.625 15.125 22.56 0.353553
13.6875 15.125 22.64 0.406079
13.75 15.125 22.72 0.406079
13.8125 15.0625 22.8 0.406079
13.875 15.0625 22.88 0.406079
13.9375 15 22.96 0.406079
14 15 22.96 0.406079
14.0625 14.9375 23.04 0.343548
35 80
13.375 15.25 22.32 0.450694
13.3125 15.3125 22.4 0.450694
13.3125 15.3125 22.48 0.450694
13.3125 15.3125 22.56 0.407707
13.3125 15.3125 22.64 0.375
13.3125 15.375 22.72 0.353553
13.3125 15.375 22.8 0.353553
13.25 15.3125 22.88 0.353553
13.3125 15.3125 22.96 0.353553
13.3125 15.3125 23.04 0.322064
13.3125 15.3125 23.12 0.279508
13.3125 15.3125 23.2 0.322064
13.3125 15.3125 23.28 0.279508
13.375 15.3125 23.36 0.279508
13.375 15.3125 23.44 0.25
13.375 15.3125 23.52 0.279508
13.375 15.3125 23.6 0.296816
13.375 15.25 23.68 0.279508
13.375 15.3125 23.76 0.296816
13.4375 15.3125 23.84 0.296816
13.4375 15.3125 23.92 0.279508
13.4375 15.3125 24 0.353553
13.4375 15.3125 24.08 0.353553
13.4375 15.3125 24.16 0.296816
13.5 15.3125 24.24 0.279508
13.5 15.3125 24.32 0.279508
13.5 15.3125 24.4 0.279508
13.5 15.3125 24.48 0.25
13.5 15.3125 24.56 0.279508
13.5 15.3125 24.64 0.279508
13.5 15.3125 24.72 0.279508
13.5 15.3125 24.8 0.279508
13.5625 15.3125 24.88 0.296816
13.5 15.3125 24.96 0.279508
13.5 15.25 25.04 0.322064
13.5 15.25 25.12 0.353553
13.5 15.25 25.2 0.353553
13.5 15.25 25.28 0.322064
13.5 15.25 25.36 0.279508
13.4375 15.25 25.44 0.322064
13.4375 15.25 25.52 0.296816
13.375 15.1875 25.6 0.279508
13.3125 15.1875 25.68 0.322064
13.3125 15.1875 25.76 0.296816
13.25 15.1875 25.84 0.322064
13.1875 15.1875 25.92 0.406079
13.125 15.1875 26 0.406079
13.0625 15.1875 26.08 0.343548
13 15.1875 26.16 0.296816
12.9375 15.25 26.24 0.343548
12.875 15.25 26.24 0.406079
12.8125 15.25 26.32 0.406079
12.75 15.3125 26.4 0.343548
12.6875 15.3125 26.4 0.406079
12.625 15.3125 26.48 0.406079
12.5625 15.375 26.56 0.343548
12.5 15.375 26.56 0.353553
12.4375 15.4375 26.64 0.406079
12.375 15.5 26.72 0.343548
12.3125 15.5 26.72 0.353553
12.25 15.5625 26.8 0.406079
12.1875 15.5625 26.8 0.353553
12.125 15.5625 26.88 0.279508
12.0625 15.5625 26.96 0.296816
12.0625 15.5625 27.04 0.296816
12 15.5625 27.12 0.279508
11.9375 15.5625 27.2 0.25
11.9375 15.5 27.28 0.25
11.9375 15.4375 27.36 0.279508
11.9375 15.4375 27.44 0.25
11.9375 15.4375 27.52 0.25
11.9375 15.375 27.6 0.25
12 15.3125 27.68 0.296816
12.0625 15.3125 27.76 0.343548
12.125 15.25 27.84 0.32
12.1875 15.1875 27.84 0.32
12.25 15.125 27.84 0.32
12.3125 15.125 27.84 0.32
12.375 15.0625 27.84 0.32
12.4375 15 27.84 0.32
36 19
16 15.125 32.48 0.176777
16.0625 15.0625 32.48 0.125
16.0625 15 32.4 0.16
16.0625 14.9375 32.4 0.16
16.0625 14.875 32.4 0.16
16.0625 14.8125 32.4 0.16
16.0625 14.75 32.4 0.16
16.0625 14.6875 32.4 0.16
16 14.625 32.48 0.16
16 14.5625 32.48 0.16
16 14.5 32.48 0.16
15.9375 14.4375 32.48 0.16
15.875 14.375 32.48 0.16
15.8125 14.3125 32.48 0.16
15.75 14.25 32.48 0.16
15.6875 14.1875 32.48 0.16
15.625 14.125 32.56 0.176777
15.625 14.0625 32.56 0.32
15.625 14 32.64 0.365582
37 8
15.5625 14 32.72 0.406079
15.5 14 32.8 0.343548
15.4375 14 32.8 0.322064
15.375 14 32.88 0.322064
15.3125 14 32.96 0.365582
15.25 14 33.04 0.406079
15.1875 13.9375 33.12 0.322064
15.125 13.9375 33.2 0.406079
38 15
17 14.9375 32.4 0.203039
17 14.875 32.4 0.16
17 14.8125 32.4 0.125
17.0625 14.75 32.32 0.16
17.125 14.6875 32.32 0.16
17.125 14.625 32.32 0.16
17.125 14.5625 32.32 0.16
17.1875 14.5 32.32 0.16
17.25 14.4375 32.4 0.16
17.25 14.375 32.4 0.16
17.3125 14.3125 32.4 0.16
17.375 14.25 32.4 0.176777
17.4375 14.1875 32.48 0.176777
17.5 14.125 32.56 0.203039
17.5 14.0625 32.64 0.25
39 6
17.5625 14 32.72 0.343548
17.625 14 32.8 0.296816
17.6875 14.0625 32.88 0.296816
17.75 14.0625 32.96 0.296816
17.8125 14.0625 33.04 0.296816
17.875 14 33.12 0.296816
40 11
17.625 15.3125 32.4 0.16
17.5625 15.25 32.4 0.125
17.5 15.1875 32.48 0.125
17.4375 15.125 32.48 0.16
17.375 15.0625 32.48 0.203039
17.3125 15.0625 32.56 0.16
17.25 15.0625 32.56 0.16
17.1875 15 32.56 0.203039
17.125 15 32.56 0.203039
17.0625 15 32.48 0.203039
17 14.9375 32.4 0.203039
41 11
16 15.125 32.48 0.176777
15.9375 15.1875 32.56 0.203039
15.875 15.25 32.64 0.16
15.8125 15.1875 32.64 0.203039
15.75 15.1875 32.64 0.203039
15.6875 15.25 32.72 0.16
15.625 15.25 32.72 0.16
15.5625 15.3125 32.72 0.16
15.5 15.375 32.72 0.16
15.4375 15.375 32.72 0.16
15.375 15.375 32.64 0.16
42 57
12.6875 13.1875 21.92 0.238432
12.625 13.25 21.92 0.32
12.5625 13.3125 21.92 0.238432
12.5625 13.375 22 0.203039
12.5 13.4375 22 0.238432
12.5 13.5 22 0.32
12.5 13.5625 22 0.238432
12.5 13.625 22.08 0.238432
12.5 13.6875 22.08 0.32
12.4375 13.75 22.16 0.25
12.5 13.8125 22.16 0.238432
12.5625 13.875 22.24 0.25
12.625 13.9375 22.32 0.238432
12.625 14 22.4 0.238432
12.6875 14 22.48 0.238432
12.75 14 22.56 0.25
12.8125 14 22.64 0.25
12.8125 14.0625 22.72 0.25
12.875 14 22.8 0.25
12.9375 14.0625 22.88 0.25
13 14 22.88 0.296816
13.0625 14 22.96 0.279508
13.125 14 23.04 0.343548
13.1875 13.9375 23.12 0.296816
13.25 13.875 23.2 0.32
13.3125 13.875 23.2 0.32
13.375 13.8125 23.2 0.32
13.4375 13.8125 23.2 0.238432
13.5 13.75 23.2 0.238432
13.5625 13.75 23.2 0.203039
13.625 13.6875 23.2 0.203039
13.6875 13.75 23.28 0.16
13.75 13.6875 23.2 0.203039
13.8125 13.6875 23.2 0.203039
13.875 13.6875 23.2 0.238432
13.9375 13.6875 23.2 0.32
14 13.6875 23.2 0.32
14.0625 13.75 23.2 0.32
14.125 13.8125 23.12 0.32
14.1875 13.875 23.12 0.32
14.1875 13.9375 23.12 0.32
14.1875 14 23.12 0.32
14.1875 14.0625 23.12 0.32
14.1875 14.125 23.12 0.32
14.1875 14.1875 23.12 0.32
14.1875 14.25 23.12 0.32
14.1875 14.3125 23.12 0.32
14.1875 14.375 23.12 0.32
14.1875 14.4375 23.12 0.32
14.1875 14.5 23.12 0.32
14.1875 14.5625 23.12 0.32
14.125 14.625 23.12 0.343548
14.125 14.6875 23.12 0.32
14.0625 14.75 23.12 0.343548
14.0625 14.8125 23.12 0.343548
14 14.875 23.04 0.365582
14.0625 14.9375 23.04 0.343548
43 103
14.0625 14.9375 23.04 0.343548
14.125 15 22.96 0.343548
14.1875 15 22.96 0.32
14.25 15 22.96 0.238432
14.3125 15 22.88 0.238432
14.375 14.9375 22.8 0.25
14.4375 14.9375 22.72 0.279508
14.4375 14.9375 22.64 0.238432
14.4375 14.875 22.56 0.25
14.4375 14.875 22.48 0.238432
14.375 14.875 22.4 0.238432
14.3125 14.8125 22.32 0.238432
14.3125 14.75 22.24 0.238432
14.3125 14.6875 22.16 0.238432
14.3125 14.625 22.16 0.203039
14.3125 14.5625 22.08 0.203039
14.25 14.5 22.08 0.238432
14.25 14.4375 22.08 0.176777
14.3125 14.375 22 0.32
14.375 14.3125 22 0.203039
14.375 14.25 21.92 0.238432
14.4375 14.1875 21.92 0.203039
14.4375 14.125 21.84 0.238432
14.5 14.0625 21.84 0.203039
14.5 14 21.76 0.238432
14.5625 13.9375 21.68 0.238432
14.5625 13.875 21.68 0.203039
14.625 13.8125 21.6 0.238432
14.625 13.75 21.6 0.176777
14.6875 13.6875 21.52 0.203039
14.6875 13.625 21.44 0.203039
14.75 13.5625 21.44 0.203039
14.75 13.5 21.36 0.203039
14.75 13.4375 21.36 0.238432
14.75 13.375 21.36 0.203039
14.8125 13.3125 21.28 0.203039
14.8125 13.25 21.28 0.203039
14.8125 13.1875 21.28 0.238432
14.8125 13.125 21.28 0.238432
14.875 13.0625 21.28 0.203039
14.875 13 21.28 0.203039
14.875 12.9375 21.36 0.203039
14.875 12.875 21.36 0.238432
14.9375 12.8125 21.36 0.203039
14.875 12.75 21.44 0.203039
14.8125 12.6875 21.44 0.32
14.8125 12.625 21.52 0.238432
14.75 12.5625 21.6 0.296816
14.6875 12.5 21.68 0.238432
14.625 12.5 21.76 0.203039
14.625 12.4375 21.84 0.176777
14.625 12.375 21.92 0.203039
14.5625 12.3125 22 0.203039
14.5625 12.25 22.08 0.238432
14.5625 12.25 22.16 0.203039
14.5625 12.1875 22.24 0.238432
14.5625 12.1875 22.32 0.176777
14.5625 12.125 22.4 0.203039
14.625 12.0625 22.48 0.203039
14.625 12.0625 22.56 0.203039
14.625 12 22.64 0.203039
14.6875 11.9375 22.72 0.203039
14.75 11.875 22.8 0.203039
14.8125 11.8125 22.88 0.203039
14.875 11.875 22.96 0.203039
14.9375 11.875 23.04 0.203039
15 11.875 23.04 0.203039
15.0625 11.9375 23.12 0.16
15.125 12 23.12 0.16
15.1875 11.9375 23.12 0.203039
15.25 11.9375 23.12 0.203039
15.3125 12 23.2 0.16
15.375 12 23.2 0.16
15.4375 12 23.2 0.16
15.5 11.9375 23.2 0.16
15.5625 11.875 23.28 0.16
15.625 11.8125 23.28 0.16
15.625 11.75 23.36 0.16
15.6875 11.6875 23.36 0.16
15.6875 11.625 23.44 0.16
15.6875 11.5625 23.44 0.16
15.75 11.5 23.44 0.16
15.75 11.4375 23.52 0.125
15.8125 11.375 23.6 0.16
15.875 11.3125 23.68 0.16
15.875 11.3125 23.76 0.125
15.875 11.3125 23.84 0.125
15.875 11.25 23.92 0.176777
15.875 11.25 24 0.203039
15.9375 11.25 24.08 0.125
15.875 11.1875 24.16 0.176777
15.9375 11.25 24.24 0.125
15.9375 11.1875 24.32 0.16
15.9375 11.125 24.4 0.125
16 11.0625 24.4 0.16
16 11 24.4 0.16
16 10.9375 24.4 0.125
16 10.875 24.32 0.16
16 10.8125 24.32 0.16
16 10.75 24.32 0.125
16 10.6875 24.24 0.16
16 10.625 24.24 0.16
16 10.5625 24.24 0.16
44 84
12.4375 14.9375 27.84 0.32
12.5 14.875 27.76 0.296816
12.4375 14.8125 27.68 0.25
12.4375 14.75 27.6 0.32
12.4375 14.6875 27.6 0.296816
12.4375 14.625 27.6 0.238432
12.375 14.5625 27.52 0.32
12.375 14.5 27.52 0.238432
12.3125 14.4375 27.52 0.32
12.3125 14.375 27.52 0.238432
12.25 14.3125 27.52 0.32
12.1875 14.25 27.52 0.32
12.1875 14.1875 27.52 0.32
12.1875 14.125 27.6 0.203039
12.125 14.0625 27.6 0.32
12.125 14 27.6 0.238432
12.0625 13.9375 27.68 0.238432
12.0625 13.875 27.68 0.32
12.0625 13.8125 27.76 0.203039
12.0625 13.75 27.76 0.238432
12.0625 13.6875 27.84 0.203039
12 13.625 27.92 0.203039
12 13.5625 27.92 0.238432
11.9375 13.5 28 0.32
12 13.4375 28.08 0.203039
11.9375 13.375 28.08 0.238432
12 13.3125 28.16 0.203039
12 13.25 28.16 0.238432
12 13.1875 28.24 0.32
12.0625 13.125 28.32 0.203039
12 13.0625 28.32 0.238432
12.0625 13 28.4 0.238432
12.0625 12.9375 28.4 0.238432
12.125 12.875 28.48 0.238432
12.125 12.8125 28.48 0.238432
12.1875 12.75 28.56 0.203039
12.25 12.6875 28.56 0.238432
12.25 12.625 28.56 0.32
12.3125 12.5625 28.56 0.238432
12.3125 12.5 28.56 0.238432
12.375 12.4375 28.56 0.238432
12.4375 12.375 28.64 0.203039
12.5 12.375 28.64 0.203039
12.5625 12.3125 28.64 0.203039
12.625 12.25 28.64 0.238432
12.6875 12.25 28.64 0.203039
12.75 12.1875 28.64 0.238432
12.8125 12.1875 28.64 0.203039
12.875 12.125 28.72 0.203039
12.9375 12.125 28.72 0.238432
13 12.125 28.8 0.203039
13.0625 12.125 28.8 0.32
13.125 12.125 28.88 0.238432
13.1875 12.125 28.88 0.238432
13.25 12.125 28.96 0.296816
13.3125 12.1875 29.04 0.203039
13.375 12.125 29.04 0.238432
13.4375 12.1875 29.04 0.238432
13.5 12.1875 29.12 0.203039
13.5625 12.1875 29.12 0.238432
13.625 12.1875 29.12 0.25
13.6875 12.1875 29.12 0.25
13.75 12.1875 29.12 0.25
13.8125 12.1875 29.12 0.238432
13.875 12.1875 29.12 0.203039
13.9375 12.25 29.04 0.203039
14 12.1875 29.04 0.238432
14.0625 12.1875 29.04 0.238432
14.125 12.125 29.04 0.238432
14.1875 12.0625 29.04 0.238432
14.25 12 29.12 0.238432
14.25 11.9375 29.2 0.203039
14.1875 11.875 29.28 0.176777
14.1875 11.875 29.36 0.16
14.125 11.8125 29.44 0.16
14.125 11.75 29.52 0.125
14.125 11.75 29.6 0.125
14.125 11.75 29.68 0.125
14.125 11.75 29.76 0.203039
14.1875 11.8125 29.84 0.16
14.25 11.875 29.84 0.16
14.25 11.9375 29.76 0.203039
14.3125 12 29.68 0.203039
14.375 12 29.6 0.176777
45 24
13.6875 13.125 32.8 0.32
13.75 13.1875 32.8 0.32
13.8125 13.1875 32.8 0.238432
13.875 13.25 32.88 0.238432
13.9375 13.3125 32.88 0.238432
14 13.375 32.88 0.238432
14.0625 13.375 32.88 0.32
14.125 13.4375 32.96 0.238432
14.1875 13.4375 32.96 0.32
14.25 13.5 33.04 0.203039
14.3125 13.5625 33.04 0.238432
14.375 13.5625 33.04 0.32
14.4375 13.5625 33.04 0.238432
14.5 13.625 33.12 0.32
14.5625 13.6875 33.2 0.203039
14.625 13.6875 33.2 0.25
14.6875 13.75 33.2 0.238432
14.75 13.75 33.2 0.238432
14.8125 13.8125 33.2 0.238432
14.875 13.875 33.2 0.238432
14.9375 13.875 33.2 0.32
15 13.9375 33.2 0.343548
15.0625 13.9375 33.2 0.365582
15.125 13.9375 33.2 0.406079
46 23
16.1875 13.25 32.88 0.238432
16.1875 13.3125 32.96 0.203039
16.1875 13.375 32.96 0.203039
16.125 13.4375 33.04 0.176777
16.125 13.5 33.12 0.176777
16.125 13.5625 33.12 0.238432
16.0625 13.625 33.2 0.238432
16.0625 13.6875 33.28 0.203039
16 13.6875 33.36 0.203039
15.9375 13.75 33.36 0.203039
15.875 13.75 33.44 0.203039
15.8125 13.75 33.44 0.203039
15.75 13.8125 33.52 0.203039
15.6875 13.8125 33.52 0.238432
15.625 13.8125 33.52 0.238432
15.5625 13.875 33.52 0.203039
15.5 13.875 33.52 0.203039
15.4375 13.875 33.52 0.203039
15.375 13.9375 33.44 0.203039
15.3125 13.9375 33.44 0.203039
15.25 13.9375 33.36 0.238432
15.1875 13.9375 33.28 0.279508
15.125 13.9375 33.2 0.406079
47 17
18.9375 13.5 32.72 0.32
18.875 13.5625 32.8 0.238432
18.8125 13.625 32.88 0.25
18.75 13.6875 32.96 0.25
18.6875 13.75 33.04 0.238432
18.625 13.8125 33.12 0.32
18.5625 13.8125 33.12 0.32
18.5 13.8125 33.12 0.238432
18.4375 13.875 33.2 0.203039
18.375 13.875 33.2 0.238432
18.3125 13.875 33.2 0.32
18.25 13.875 33.2 0.25
18.1875 13.9375 33.2 0.32
18.125 13.9375 33.2 0.32
18.0625 14 33.2 0.32
18 14 33.2 0.343548
17.9375 13.9375 33.2 0.406079
48 4
17.6875 14 33.28 0.203039
17.75 13.9375 33.28 0.32
17.8125 14 33.28 0.32
17.875 13.9375 33.2 0.322064
49 21
13.625 12.0625 21.44 0.203039
13.625 12.125 21.52 0.16
13.625 12.1875 21.52 0.16
13.5625 12.25 21.6 0.125
13.5625 12.3125 21.6 0.16
13.5 12.375 21.6 0.203039
13.5 12.4375 21.68 0.16
13.5 12.5 21.68 0.16
13.4375 12.5625 21.68 0.16
13.375 12.625 21.76 0.16
13.3125 12.6875 21.76 0.203039
13.3125 12.75 21.84 0.16
13.25 12.8125 21.84 0.16
13.1875 12.875 21.84 0.16
13.125 12.9375 21.92 0.16
13.0625 13 21.92 0.16
13 13 21.92 0.203039
12.9375 13.0625 22 0.16
12.875 13.125 22 0.16
12.8125 13.0625 21.92 0.176777
12.75 13.125 21.92 0.203039
50 63
12.6875 13.125 21.84 0.238432
12.75 13.0625 21.76 0.203039
12.75 13 21.68 0.203039
12.8125 12.9375 21.6 0.203039
12.8125 12.875 21.52 0.203039
12.8125 12.8125 21.44 0.176777
12.8125 12.8125 21.36 0.176777
12.8125 12.8125 21.28 0.238432
12.8125 12.8125 21.2 0.203039
12.75 12.8125 21.12 0.238432
12.6875 12.8125 21.04 0.203039
12.625 12.875 20.96 0.203039
12.5625 12.875 20.96 0.203039
12.5 12.875 20.96 0.238432
12.4375 12.9375 20.96 0.203039
12.375 12.9375 21.04 0.176777
12.3125 13 21.12 0.203039
12.25 13 21.2 0.176777
12.1875 13 21.28 0.176777
12.1875 13 21.36 0.176777
12.125 12.9375 21.44 0.176777
12.125 12.9375 21.52 0.203039
12.125 12.875 21.6 0.203039
12.125 12.8125 21.6 0.176777
12.125 12.75 21.68 0.203039
12.1875 12.6875 21.76 0.16
12.1875 12.625 21.76 0.16
12.1875 12.5625 21.76 0.203039
12.1875 12.5 21.84 0.16
12.25 12.4375 21.84 0.16
12.25 12.375 21.84 0.16
12.1875 12.3125 21.84 0.203039
12.25 12.25 21.92 0.16
12.25 12.1875 21.92 0.16
12.1875 12.125 21.92 0.203039
12.1875 12.0625 22 0.16
12.125 12 22 0.203039
12.125 11.9375 22 0.203039
12.125 11.875 22.08 0.16
12.0625 11.8125 22.08 0.203039
12 11.75 22.16 0.176777
12 11.6875 22.24 0.125
11.9375 11.625 22.32 0.16
11.875 11.5625 22.4 0.16
11.875 11.5 22.48 0.16
11.875 11.4375 22.48 0.16
11.9375 11.375 22.56 0.16
11.9375 11.3125 22.56 0.16
11.9375 11.25 22.64 0.16
12 11.1875 22.64 0.16
12.0625 11.125 22.64 0.16
12.125 11.0625 22.64 0.16
12.125 11 22.64 0.16
12.1875 10.9375 22.64 0.125
12.125 10.875 22.56 0.176777
12.1875 10.8125 22.56 0.16
12.1875 10.75 22.48 0.176777
12.25 10.6875 22.4 0.125
12.3125 10.625 22.32 0.16
12.375 10.5625 22.24 0.16
12.4375 10.5 22.24 0.16
12.4375 10.4375 22.24 0.203039
12.5 10.375 22.32 0.176777
51 6
16.5625 13.0625 32.72 0.238432
16.5 13.125 32.72 0.176777
16.4375 13.1875 32.72 0.16
16.375 13.1875 32.72 0.16
16.3125 13.1875 32.8 0.16
16.25 13.1875 32.8 0.203039
52 22
16.1875 13.1875 32.88 0.32
16.1875 13.125 32.96 0.203039
16.125 13.0625 33.04 0.203039
16.125 13 33.12 0.203039
16.0625 12.9375 33.2 0.238432
16.0625 12.9375 33.28 0.238432
16.0625 12.9375 33.36 0.176777
16.0625 12.9375 33.44 0.176777
16.0625 12.9375 33.52 0.238432
16.0625 12.9375 33.6 0.25
16.0625 12.9375 33.68 0.203039
16.125 13 33.76 0.125
16.125 13 33.84 0.203039
16.1875 13 33.92 0.176777
16.1875 13 34 0.176777
16.25 13 34.08 0.203039
16.3125 13.0625 34.16 0.125
16.375 13.0625 34.24 0.16
16.4375 13.0625 34.32 0.125
16.5 13 34.4 0.125
16.5625 12.9375 34.48 0.125
16.5625 12.875 34.48 0.16
53 21
16.5625 13.0625 32.72 0.238432
16.625 13.125 32.72 0.32
16.625 13.1875 32.72 0.203039
16.6875 13.25 32.8 0.16
16.75 13.3125 32.8 0.16
16.8125 13.375 32.88 0.125
16.875 13.4375 32.88 0.125
16.875 13.5 32.88 0.203039
16.9375 13.5625 32.96 0.203039
17 13.625 33.04 0.203039
17.0625 13.6875 33.12 0.16
17.125 13.75 33.2 0.125
17.1875 13.8125 33.2 0.16
17.25 13.8125 33.28 0.125
17.3125 13.875 33.28 0.125
17.375 13.875 33.28 0.16
17.4375 13.875 33.36 0.125
17.5 13.875 33.36 0.125
17.5625 13.9375 33.36 0.125
17.625 13.9375 33.28 0.203039
17.6875 14 33.28 0.203039
54 6
17.375 14.0625 33.28 0.125
17.4375 14.0625 33.28 0.125
17.5 14.125 33.28 0.125
17.5625 14.125 33.28 0.16
17.625 14.0625 33.36 0.125
17.6875 14 33.28 0.203039
55 24
16.5625 13.0625 32.72 0.238432
16.5625 13 32.8 0.176777
16.625 13 32.88 0.16
16.5625 12.9375 32.96 0.125
16.5625 12.875 32.96 0.203039
16.5625 12.8125 33.04 0.176777
16.5625 12.75 33.12 0.176777
16.5625 12.75 33.2 0.176777
16.5 12.6875 33.28 0.176777
16.5 12.75 33.36 0.176777
16.4375 12.75 33.44 0.203039
16.4375 12.75 33.52 0.176777
16.4375 12.8125 33.6 0.125
16.4375 12.875 33.68 0.16
16.375 12.875 33.76 0.125
16.375 12.8125 33.84 0.203039
16.375 12.8125 33.92 0.176777
16.4375 12.8125 34 0.125
16.375 12.75 34.08 0.176777
16.375 12.75 34.16 0.176777
16.4375 12.6875 34.24 0.176777
16.5 12.6875 34.32 0.203039
16.5625 12.625 34.4 0.16
16.625 12.5625 34.4 0.16
