33
1 28
16.3125 12.1875 0.08 0.16
16.375 12.25 0.16 0.32
16.4375 12.3125 0.24 0.48
16.5 12.375 0.32 0.64
16.5625 12.4375 0.4 0.8
16.625 12.5 0.48 0.96
16.6875 12.5625 0.56 1.12
16.75 12.625 0.64 1.28
16.8125 12.6875 0.72 1.44
16.875 12.75 0.8 1.6
16.9375 12.8125 0.88 1.76
16.875 12.8125 0.96 1.92
16.8125 12.75 1.04 2.08
16.75 12.6875 1.12 2.24
16.6875 12.625 1.2 2.4
16.625 12.5625 1.28 2.56
16.5625 12.5625 1.36 2.72
16.5 12.625 1.44 2.88
16.5625 12.6875 1.52 3.04
16.625 12.75 1.6 2.73841
16.6875 12.8125 1.68 2.76204
16.75 12.875 1.68 2.97093
16.75 12.9375 1.68 3.36
16.8125 13 1.76 3.03596
16.8125 13.0625 1.76 3.09962
16.8125 13.125 1.76 3.52
16.875 13.1875 1.76 3.25103
16.875 13.25 1.84 3.08636
2 9
16.875 13.25 1.84 3.08636
16.9375 13.3125 1.84 3.17567
17 13.375 1.92 3.05583
17.0625 13.4375 2 3.04816
17.125 13.5 2.08 3.0322
17.1875 13.5625 2.08 2.92117
17.25 13.625 2.16 2.97027
17.25 13.6875 2.24 2.89838
17.3125 13.75 2.32 2.84255
3 68
16.875 13.25 1.84 3.08636
16.875 13.1875 1.92 2.97418
16.8125 13.125 2 2.82259
16.75 13.0625 2.08 2.68366
16.75 13 2.16 2.76557
16.6875 13 2.24 2.45217
16.75 12.9375 2.32 2.48005
16.6875 12.9375 2.4 2.32892
16.6875 12.875 2.48 2.22882
16.625 12.875 2.56 1.83178
16.5625 12.875 2.64 1.71188
16.625 12.8125 2.72 1.8868
16.625 12.75 2.8 1.59099
16.5625 12.75 2.88 1.66704
16.5 12.75 2.96 1.44997
16.5 12.75 3.04 1.47363
16.4375 12.75 3.12 1.41421
16.4375 12.6875 3.2 1.2602
16.4375 12.6875 3.28 1.32877
16.4375 12.6875 3.36 1.32877
16.4375 12.6875 3.44 1.25
16.4375 12.6875 3.52 1.42676
16.375 12.75 3.6 1.23744
16.375 12.75 3.68 1.15244
16.375 12.75 3.76 1.2052
16.4375 12.75 3.84 1.10788
16.375 12.8125 3.92 1.04995
16.4375 12.8125 4 1.0879
16.4375 12.8125 4.08 1.08713
16.4375 12.8125 4.16 1.07529
16.4375 12.875 4.24 1.0879
16.375 12.9375 4.32 1.15244
16.375 12.9375 4.4 1.15244
16.3125 13 4.48 1.1635
16.3125 13 4.56 1.23744
16.3125 13 4.64 1.23744
16.25 13 4.72 1.15244
16.25 13 4.8 1.16422
16.25 13.0625 4.88 1.16422
16.1875 13 4.96 1.15244
16.1875 13.0625 5.04 1.16736
16.1875 13.0625 5.12 1.16736
16.125 13.0625 5.2 1.125
16.125 13.125 5.28 1.34792
16.0625 13.0625 5.36 1.15244
16.0625 13.125 5.44 1.22463
16 13.125 5.52 1.24362
15.9375 13.125 5.6 1.19216
15.9375 13.1875 5.68 1.21824
15.875 13.1875 5.76 1.18559
15.8125 13.125 5.84 1.19216
15.8125 13.1875 5.92 1.21824
15.75 13.1875 6 1.21824
15.6875 13.25 6.08 1.21824
15.6875 13.25 6.16 1.21824
15.625 13.25 6.24 1.21824
15.5625 13.3125 6.32 1.22463
15.5 13.25 6.4 1.22463
15.5 13.3125 6.48 1.21824
15.4375 13.25 6.56 1.21824
15.375 13.3125 6.64 1.21824
15.3125 13.3125 6.72 1.22463
15.3125 13.3125 6.8 1.21824
15.25 13.375 6.88 1.19216
15.1875 13.375 6.96 1.22463
15.125 13.375 7.04 1.24362
15.0625 13.4375 7.04 1.28259
15 13.4375 7.12 1.22463
4 93
17.3125 13.75 2.32 2.84255
17.3125 13.8125 2.24 2.84255
17.3125 13.875 2.24 2.76735
17.375 13.9375 2.32 2.88
17.375 14 2.32 2.74573
17.4375 14.0625 2.32 2.63951
17.5 14.125 2.4 2.72574
17.5 14.1875 2.4 2.63951
17.5625 14.25 2.48 2.63951
17.5625 14.3125 2.48 2.63951
17.625 14.375 2.48 2.56445
17.6875 14.4375 2.56 2.56517
17.6875 14.5 2.56 2.56749
17.75 14.5625 2.56 2.56445
17.75 14.625 2.64 2.63951
17.8125 14.6875 2.64 2.56749
17.8125 14.75 2.72 2.56445
17.875 14.8125 2.72 2.63951
17.875 14.875 2.72 2.55453
17.9375 14.9375 2.8 2.63951
18 15 2.8 2.72574
18 15.0625 2.88 2.63951
18.0625 15.125 2.88 2.72574
18.125 15.1875 2.96 2.65133
18.125 15.25 2.96 2.88
18.125 15.3125 2.96 2.88
18.125 15.375 2.96 2.88
18.1875 15.4375 2.96 2.88
18.1875 15.5 2.96 2.73146
18.125 15.5625 3.04 2.63951
18.125 15.5 3.12 2.51846
18.1875 15.4375 3.2 2.39546
18.1875 15.4375 3.28 2.43647
18.1875 15.4375 3.36 2.29446
18.125 15.4375 3.44 2.23343
18.125 15.375 3.52 1.99496
18.125 15.375 3.6 1.88272
18.1875 15.3125 3.68 1.71839
18.1875 15.3125 3.76 1.6344
18.1875 15.3125 3.84 1.56232
18.125 15.3125 3.92 1.62481
18.1875 15.3125 4 1.70412
18.1875 15.3125 4.08 1.58746
18.1875 15.3125 4.16 1.47893
18.1875 15.3125 4.24 1.38044
18.1875 15.3125 4.32 1.2943
18.1875 15.3125 4.4 1.43059
18.1875 15.3125 4.48 1.32853
18.1875 15.375 4.56 1.23744
18.1875 15.375 4.64 1.23744
18.1875 15.375 4.72 1.1635
18.1875 15.375 4.8 1.15244
18.1875 15.375 4.88 1.15244
18.1875 15.375 4.96 1.10788
18.1875 15.375 5.04 1.07266
18.1875 15.375 5.12 1.06066
18.1875 15.375 5.2 1.00581
18.1875 15.375 5.28 0.940027
18.1875 15.375 5.36 0.898248
18.1875 15.375 5.44 0.883883
18.1875 15.375 5.52 0.883883
18.25 15.3125 5.6 0.883883
18.25 15.25 5.68 0.800391
18.25 15.25 5.76 0.816226
18.25 15.25 5.84 0.854634
18.25 15.25 5.92 0.776144
18.25 15.25 6 0.724983
18.3125 15.25 6.08 0.637377
18.3125 15.25 6.16 0.625
18.3125 15.25 6.24 0.625
18.3125 15.25 6.32 0.625
18.3125 15.25 6.4 0.625
18.375 15.1875 6.48 0.559017
18.375 15.1875 6.56 0.559017
18.375 15.1875 6.64 0.621812
18.4375 15.125 6.72 0.55394
18.4375 15.125 6.8 0.609118
18.5 15.0625 6.88 0.621812
18.5625 15.0625 6.96 0.619395
18.5625 15 7.04 0.55394
18.625 15.0625 7.12 0.619395
18.6875 15 7.2 0.559017
18.75 15 7.28 0.619395
18.8125 15.0625 7.36 0.715297
18.875 15.0625 7.44 0.715297
18.9375 15.0625 7.52 0.75223
19 15.0625 7.52 0.741772
19.0625 15.0625 7.6 0.75223
19.125 15.0625 7.68 0.812158
19.1875 15.0625 7.76 0.75223
19.25 15.125 7.84 0.698373
19.3125 15.125 7.84 0.658426
19.375 15.125 7.92 0.687095
5 174
17.3125 13.75 2.32 2.84255
17.3125 13.75 2.4 2.69585
17.3125 13.6875 2.48 2.56445
17.3125 13.6875 2.56 2.43647
17.3125 13.6875 2.64 2.24738
17.3125 13.6875 2.72 2.03458
17.3125 13.6875 2.8 1.88434
17.3125 13.625 2.88 1.84438
17.3125 13.625 2.96 1.64274
17.375 13.5625 3.04 1.62432
17.375 13.5625 3.12 1.42444
17.375 13.5625 3.2 1.28259
17.4375 13.5 3.28 1.21824
17.4375 13.5 3.36 1.04553
17.375 13.5 3.44 0.92883
17.375 13.5 3.52 0.826756
17.375 13.5 3.6 0.745335
17.375 13.5 3.68 0.782768
17.375 13.5625 3.76 0.625
17.4375 13.5625 3.84 0.625
17.4375 13.5625 3.92 0.625
17.4375 13.5625 4 0.625
17.375 13.625 4.08 0.625
17.375 13.625 4.16 0.645155
17.375 13.625 4.24 0.707107
17.375 13.625 4.32 0.707107
17.4375 13.6875 4.4 0.707107
17.4375 13.6875 4.48 0.707107
17.4375 13.6875 4.56 0.707107
17.4375 13.6875 4.64 0.625
17.5 13.75 4.72 0.707107
17.5 13.75 4.8 0.707107
17.5 13.75 4.88 0.707107
17.5 13.75 4.96 0.707107
17.5 13.6875 5.04 0.724983
17.5 13.6875 5.12 0.707107
17.5625 13.75 5.2 0.724983
17.5625 13.75 5.28 0.75
17.5625 13.75 5.36 0.724983
17.625 13.75 5.44 0.707107
17.625 13.75 5.52 0.724983
17.625 13.75 5.6 0.724983
17.6875 13.75 5.68 0.702157
17.6875 13.75 5.76 0.673146
17.6875 13.75 5.84 0.724983
17.75 13.8125 5.92 0.702157
17.75 13.8125 6 0.673146
17.75 13.8125 6.08 0.776144
17.75 13.8125 6.16 0.724983
17.8125 13.875 6.24 0.788051
17.8125 13.875 6.32 0.776144
17.8125 13.875 6.4 0.724983
17.875 13.9375 6.48 0.75
17.875 13.9375 6.56 0.75
17.875 13.9375 6.64 0.724983
17.9375 14 6.72 0.724983
17.9375 13.9375 6.8 0.707107
18 14 6.88 0.702157
18 14 6.96 0.707107
18 14 7.04 0.724983
18.0625 14.0625 7.12 0.724983
18.0625 14.0625 7.2 0.707107
18.0625 14.125 7.28 0.707107
18.125 14.125 7.36 0.724983
18.125 14.125 7.44 0.702157
18.125 14.1875 7.52 0.645155
18.1875 14.1875 7.6 0.707107
18.1875 14.1875 7.68 0.812158
18.25 14.25 7.76 0.707107
18.25 14.25 7.84 0.707107
18.25 14.25 7.92 0.715297
18.3125 14.25 8 0.715297
18.3125 14.3125 8.08 0.625
18.3125 14.3125 8.16 0.693109
18.375 14.3125 8.24 0.707107
18.375 14.375 8.32 0.645155
18.4375 14.375 8.4 0.707107
18.4375 14.375 8.48 0.707107
18.5 14.375 8.56 0.70429
18.5 14.375 8.64 0.707107
18.5 14.4375 8.72 0.707107
18.5 14.4375 8.8 0.707107
18.5625 14.4375 8.88 0.707107
18.5625 14.4375 8.96 0.702157
18.625 14.4375 9.04 0.707107
18.625 14.5 9.12 0.724983
18.625 14.5 9.2 0.707107
18.6875 14.5 9.28 0.702157
18.6875 14.5 9.36 0.702157
18.6875 14.5 9.44 0.645155
18.6875 14.5625 9.52 0.707107
18.75 14.5625 9.6 0.645155
18.75 14.5625 9.68 0.724983
18.75 14.5625 9.76 0.707107
18.8125 14.5625 9.84 0.724983
18.8125 14.5625 9.92 0.75
18.8125 14.5625 10 0.776144
18.8125 14.5625 10.08 0.724983
18.875 14.5625 10.16 0.724983
18.875 14.5625 10.24 0.724983
18.875 14.5625 10.32 0.707107
18.9375 14.5625 10.4 0.707107
18.9375 14.5625 10.48 0.724983
18.9375 14.5625 10.56 0.707107
18.9375 14.5625 10.64 0.707107
18.9375 14.5625 10.72 0.707107
18.9375 14.5625 10.8 0.707107
18.9375 14.5625 10.88 0.707107
19 14.5625 10.96 0.707107
19 14.5625 11.04 0.707107
19 14.5625 11.12 0.707107
19 14.5625 11.2 0.707107
19 14.5 11.28 0.707107
19 14.5 11.36 0.707107
19 14.5 11.44 0.707107
19 14.5 11.52 0.707107
19.0625 14.5 11.6 0.707107
19.0625 14.5 11.68 0.707107
19.0625 14.5 11.76 0.707107
19.0625 14.5 11.84 0.707107
19.0625 14.5 11.92 0.625
19.0625 14.5 12 0.625
19.0625 14.5 12.08 0.625
19.0625 14.5 12.16 0.625
19.0625 14.5 12.24 0.625
19.125 14.5 12.32 0.625
19.125 14.5 12.4 0.625
19.125 14.5 12.48 0.625
19.125 14.5 12.56 0.625
19.0625 14.5 12.64 0.625
19.0625 14.5 12.72 0.625
19.0625 14.5 12.8 0.625
19.0625 14.5 12.88 0.625
19.0625 14.5 12.96 0.625
19.0625 14.5 13.04 0.625
19.0625 14.5 13.12 0.625
19.0625 14.5 13.2 0.625
19.0625 14.5 13.28 0.625
19.0625 14.5 13.36 0.625
19.0625 14.5 13.44 0.625
19.0625 14.5 13.52 0.625
19.0625 14.5 13.6 0.625
19.0625 14.5 13.68 0.625
19.0625 14.5 13.76 0.625
19.0625 14.5 13.84 0.625
19.0625 14.5 13.92 0.625
19.0625 14.5 14 0.625
19.0625 14.5 14.08 0.625
19.0625 14.5 14.16 0.625
19.0625 14.5 14.24 0.625
19.0625 14.5 14.32 0.625
19.0625 14.5 14.4 0.625
19.0625 14.5 14.48 0.625
19.125 14.5 14.56 0.625
19.125 14.5 14.64 0.707107
19.125 14.5 14.72 0.707107
19.125 14.5 14.8 0.707107
19.125 14.5 14.88 0.707107
19.125 14.5 14.96 0.707107
19.125 14.5 15.04 0.707107
19.125 14.5 15.12 0.625
19.125 14.5 15.2 0.625
19.125 14.5 15.28 0.707107
19.125 14.5 15.36 0.707107
19.125 14.5 15.44 0.707107
19.125 14.5 15.52 0.707107
19.125 14.5625 15.6 0.707107
19.1875 14.5625 15.68 0.707107
19.1875 14.5625 15.76 0.724983
19.1875 14.5625 15.84 0.724983
19.25 14.625 15.92 0.821721
19.25 14.625 16 0.702157
19.25 14.625 16.08 0.645155
19.3125 14.6875 16.16 0.715297
6 31
15 13.4375 7.12 1.22463
14.9375 13.5 7.12 1.14552
14.875 13.5625 7.12 1.14552
14.8125 13.5625 7.12 1.02286
14.75 13.625 7.12 0.943398
14.6875 13.6875 7.2 0.96
14.625 13.75 7.2 0.849765
14.5625 13.8125 7.28 0.821721
14.625 13.875 7.28 0.812158
14.5625 13.9375 7.36 0.812158
14.5 14 7.44 0.715297
14.4375 14.0625 7.52 0.812158
14.375 14.0625 7.52 0.731163
14.3125 14.125 7.6 0.75223
14.3125 14.1875 7.68 0.812158
14.25 14.25 7.76 0.812158
14.1875 14.25 7.84 0.821721
14.125 14.3125 7.92 0.788051
14.0625 14.3125 7.92 0.797904
14 14.375 8 0.903244
13.9375 14.375 8 1.0152
13.875 14.375 8.08 0.815414
13.8125 14.4375 8.16 1.0152
13.75 14.4375 8.16 0.824939
13.6875 14.5 8.24 1.02286
13.625 14.5625 8.32 1.04553
13.5625 14.625 8.4 1.04553
13.5 14.6875 8.48 1.04553
13.4375 14.625 8.48 1.0248
13.375 14.6875 8.56 1.09659
13.3125 14.75 8.64 1.12
7 114
15 13.4375 7.12 1.22463
15.0625 13.4375 7.2 1.21824
15 13.375 7.28 1.06771
15.0625 13.4375 7.36 0.95373
15.0625 13.4375 7.44 0.854634
15.0625 13.4375 7.52 0.776144
15 13.375 7.6 0.724983
15 13.375 7.68 0.707107
14.9375 13.375 7.76 0.715297
14.875 13.375 7.84 0.606651
14.9375 13.4375 7.92 0.658426
14.875 13.5 8 0.715297
14.8125 13.5 8.08 0.658426
14.75 13.5 8.08 0.715297
14.6875 13.5 8.16 0.715297
14.6875 13.5625 8.24 0.715297
14.625 13.625 8.32 0.812158
14.5625 13.625 8.4 0.849765
14.5 13.6875 8.48 0.821721
14.5 13.6875 8.56 0.70429
14.5 13.75 8.64 0.715297
14.4375 13.75 8.72 0.812158
14.375 13.75 8.8 0.782768
14.3125 13.8125 8.88 0.821721
14.3125 13.875 8.96 0.812158
14.25 13.875 9.04 0.693109
14.25 13.9375 9.12 0.707107
14.25 13.9375 9.2 0.645155
14.1875 13.9375 9.28 0.645155
14.1875 13.9375 9.36 0.625
14.125 14 9.44 0.812158
14.0625 14.0625 9.52 0.593633
14.0625 14.0625 9.6 0.693109
14.0625 14.125 9.68 0.812158
14.0625 14.125 9.76 0.625
14 14.0625 9.84 0.707107
14.0625 14.125 9.92 0.702157
14 14.125 10 0.724983
14 14.1875 10.08 0.736817
14 14.1875 10.16 0.724983
14 14.25 10.24 0.707107
14 14.25 10.32 0.707107
14 14.25 10.4 0.645155
13.9375 14.25 10.48 0.707107
13.9375 14.25 10.56 0.707107
13.9375 14.25 10.64 0.707107
13.9375 14.25 10.72 0.625
13.9375 14.3125 10.8 0.645155
13.9375 14.3125 10.88 0.707107
13.9375 14.3125 10.96 0.707107
13.9375 14.3125 11.04 0.707107
13.9375 14.3125 11.12 0.625
13.9375 14.3125 11.2 0.625
13.9375 14.375 11.28 0.645155
13.9375 14.375 11.36 0.707107
13.9375 14.375 11.44 0.707107
13.9375 14.375 11.52 0.707107
13.9375 14.375 11.6 0.707107
13.9375 14.375 11.68 0.707107
13.9375 14.375 11.76 0.707107
13.9375 14.375 11.84 0.707107
13.9375 14.375 11.92 0.707107
14 14.3125 12 0.707107
14 14.3125 12.08 0.707107
14 14.3125 12.16 0.707107
14 14.3125 12.24 0.707107
14 14.3125 12.32 0.707107
14 14.3125 12.4 0.707107
13.9375 14.3125 12.48 0.707107
14 14.25 12.56 0.707107
14 14.25 12.64 0.707107
14 14.25 12.72 0.724983
14 14.25 12.8 0.707107
14 14.25 12.88 0.724983
13.9375 14.25 12.96 0.724983
14 14.25 13.04 0.702157
14 14.25 13.12 0.645155
13.9375 14.25 13.2 0.707107
13.9375 14.25 13.28 0.707107
13.9375 14.25 13.36 0.707107
13.9375 14.25 13.44 0.707107
13.9375 14.25 13.52 0.724983
13.9375 14.25 13.6 0.724983
13.9375 14.25 13.68 0.707107
13.9375 14.25 13.76 0.707107
13.9375 14.25 13.84 0.707107
13.875 14.25 13.92 0.724983
13.875 14.25 14 0.728869
13.875 14.25 14.08 0.728869
13.875 14.25 14.16 0.724983
13.875 14.25 14.24 0.707107
13.875 14.25 14.32 0.707107
13.8125 14.25 14.4 0.707107
13.8125 14.25 14.48 0.707107
13.8125 14.25 14.56 0.707107
13.8125 14.3125 14.64 0.707107
13.8125 14.3125 14.72 0.724983
13.8125 14.3125 14.8 0.724983
13.8125 14.3125 14.88 0.707107
13.75 14.3125 14.96 0.724983
13.75 14.3125 15.04 0.776144
13.75 14.3125 15.12 0.728869
13.75 14.3125 15.2 0.728869
13.75 14.3125 15.28 0.724983
13.75 14.3125 15.36 0.707107
13.75 14.375 15.44 0.707107
13.6875 14.375 15.52 0.724983
13.6875 14.375 15.6 0.776144
13.6875 14.375 15.68 0.75
13.6875 14.4375 15.76 0.776144
13.6875 14.4375 15.84 0.776144
13.625 14.4375 15.92 0.776144
13.625 14.5 16 0.776144
13.625 14.5625 16.08 0.812158
8 94
25.25 14.375 7.44 0.16
25.1875 14.375 7.44 0.16
25.125 14.4375 7.44 0.16
25.0625 14.375 7.52 0.203039
25 14.375 7.52 0.238432
24.9375 14.375 7.52 0.32
24.875 14.4375 7.52 0.32
24.8125 14.5 7.52 0.32
24.75 14.4375 7.52 0.32
24.6875 14.375 7.6 0.365582
24.625 14.375 7.6 0.48
24.5625 14.375 7.6 0.48
24.5 14.4375 7.6 0.48
24.4375 14.4375 7.68 0.496009
24.375 14.5 7.68 0.541202
24.3125 14.5 7.68 0.541202
24.25 14.5625 7.76 0.496009
24.1875 14.625 7.76 0.541202
24.125 14.625 7.76 0.496009
24.0625 14.625 7.84 0.541202
24 14.6875 7.84 0.541202
23.9375 14.6875 7.92 0.496009
23.875 14.75 7.92 0.541202
23.8125 14.75 8 0.496009
23.75 14.8125 8 0.541202
23.6875 14.8125 8 0.541202
23.625 14.8125 8.08 0.496009
23.5625 14.875 8.08 0.541202
23.5 14.9375 8.16 0.541202
23.4375 14.9375 8.16 0.609118
23.375 14.9375 8.16 0.541202
23.3125 15 8.24 0.541202
23.25 15 8.24 0.541202
23.1875 15.0625 8.32 0.609118
23.125 15.0625 8.32 0.541202
23.0625 15.125 8.4 0.609118
23 15.125 8.4 0.609118
22.9375 15.1875 8.4 0.609118
22.875 15.1875 8.48 0.541202
22.8125 15.1875 8.48 0.55545
22.75 15.25 8.48 0.541202
22.6875 15.25 8.56 0.541202
22.625 15.3125 8.56 0.64
22.5625 15.375 8.56 0.609118
22.5 15.3125 8.64 0.450694
22.4375 15.375 8.64 0.478252
22.375 15.375 8.64 0.426439
22.3125 15.375 8.72 0.492976
22.25 15.375 8.72 0.426439
22.1875 15.4375 8.72 0.541202
22.125 15.4375 8.72 0.541202
22.0625 15.4375 8.72 0.496009
22 15.5 8.72 0.496009
21.9375 15.4375 8.8 0.375
21.875 15.5 8.8 0.476865
21.8125 15.5 8.8 0.511517
21.75 15.5 8.88 0.541202
21.6875 15.5 8.88 0.55545
21.625 15.5 8.88 0.541202
21.5625 15.5625 8.96 0.492976
21.5 15.5625 8.96 0.609118
21.4375 15.5625 8.96 0.609118
21.375 15.5625 8.96 0.609118
21.3125 15.5625 8.96 0.55545
21.25 15.5 8.96 0.55545
21.1875 15.5 8.96 0.541202
21.125 15.5 8.96 0.492976
21.0625 15.5 8.96 0.541202
21 15.4375 8.88 0.541202
20.9375 15.4375 8.88 0.541202
20.875 15.4375 8.88 0.55545
20.8125 15.4375 8.88 0.511517
20.75 15.4375 8.88 0.496009
20.6875 15.375 8.88 0.424882
20.625 15.375 8.8 0.407707
20.5625 15.375 8.8 0.496009
20.5 15.375 8.8 0.424882
20.4375 15.375 8.8 0.406079
20.375 15.375 8.72 0.424882
20.3125 15.375 8.72 0.424882
20.25 15.375 8.64 0.375
20.1875 15.375 8.64 0.424882
20.125 15.375 8.56 0.424882
20.0625 15.375 8.56 0.496009
20 15.3125 8.48 0.476865
19.9375 15.3125 8.48 0.476865
19.875 15.25 8.4 0.511517
19.8125 15.25 8.32 0.609118
19.75 15.1875 8.24 0.53033
19.6875 15.25 8.24 0.609118
19.625 15.1875 8.16 0.609118
19.5625 15.125 8.08 0.609118
19.5 15.125 8 0.621812
19.4375 15.125 8 0.609118
9 291
19.375 15.1875 8 0.541202
19.3125 15.25 8.08 0.365582
19.25 15.3125 8.16 0.203039
19.1875 15.375 8.24 0.125
19.1875 15.4375 8.32 0.16
19.125 15.375 8.4 0.238432
19.125 15.4375 8.48 0.296816
19.125 15.4375 8.56 0.353553
19.1875 15.4375 8.64 0.406079
19.25 15.4375 8.72 0.406079
19.25 15.4375 8.8 0.353553
19.3125 15.5 8.88 0.406079
19.375 15.5 8.96 0.424882
19.4375 15.5 9.04 0.424882
19.5 15.5 9.12 0.406079
19.5 15.5625 9.2 0.322064
19.5625 15.625 9.28 0.406079
19.625 15.6875 9.36 0.322064
19.6875 15.75 9.44 0.406079
19.6875 15.8125 9.52 0.365582
19.6875 15.875 9.52 0.406079
19.6875 15.9375 9.52 0.296816
19.625 16 9.6 0.279508
19.5625 16.0625 9.68 0.32
19.5 16.125 9.68 0.32
19.4375 16.1875 9.68 0.238432
19.375 16.25 9.76 0.32
19.3125 16.25 9.76 0.32
19.25 16.25 9.76 0.32
19.1875 16.1875 9.84 0.296816
19.125 16.1875 9.84 0.343548
19.0625 16.125 9.84 0.32
19 16.125 9.92 0.343548
18.9375 16.0625 10 0.343548
18.875 16 10.08 0.279508
18.8125 16 10.16 0.343548
18.75 15.9375 10.24 0.365582
18.75 15.9375 10.32 0.296816
18.6875 15.9375 10.4 0.322064
18.6875 15.9375 10.48 0.353553
18.6875 15.9375 10.56 0.353553
18.625 15.9375 10.64 0.353553
18.625 15.9375 10.72 0.296816
18.625 16 10.8 0.322064
18.625 16 10.88 0.279508
18.625 16 10.96 0.279508
18.625 15.9375 11.04 0.279508
18.625 16 11.12 0.25
18.625 16 11.2 0.25
18.625 16 11.28 0.25
18.625 16 11.36 0.296816
18.625 16 11.44 0.279508
18.625 16 11.52 0.353553
18.625 16 11.6 0.353553
18.625 16 11.68 0.353553
18.625 16 11.76 0.353553
18.625 16 11.84 0.353553
18.625 16.0625 11.92 0.353553
18.625 16.0625 12 0.279508
18.5625 16.0625 12.08 0.296816
18.5625 16.0625 12.16 0.279508
18.5625 16.0625 12.24 0.279508
18.5625 16.0625 12.32 0.279508
18.5625 16 12.4 0.322064
18.5625 16 12.48 0.353553
18.5 16 12.56 0.322064
18.5 16 12.64 0.353553
18.5 16 12.72 0.353553
18.5 16 12.8 0.353553
18.5 16 12.88 0.353553
18.5 16 12.96 0.322064
18.5 15.9375 13.04 0.353553
18.5 15.9375 13.12 0.353553
18.5 15.9375 13.2 0.353553
18.5 15.9375 13.28 0.353553
18.5 15.9375 13.36 0.353553
18.5 15.9375 13.44 0.353553
18.5 15.9375 13.52 0.353553
18.4375 15.9375 13.6 0.353553
18.4375 15.9375 13.68 0.353553
18.4375 15.9375 13.76 0.353553
18.4375 15.9375 13.84 0.279508
18.375 16 13.92 0.353553
18.375 16 14 0.353553
18.375 16 14.08 0.279508
18.375 16 14.16 0.322064
18.375 16 14.24 0.353553
18.375 16 14.32 0.375
18.375 16 14.4 0.375
18.375 16 14.48 0.353553
18.375 16 14.56 0.353553
18.375 16 14.64 0.353553
18.375 16 14.72 0.353553
18.375 16 14.8 0.353553
18.375 16 14.88 0.353553
18.375 16.0625 14.96 0.353553
18.375 16.0625 15.04 0.353553
18.375 16 15.12 0.353553
18.3125 16.0625 15.2 0.353553
18.3125 16.0625 15.28 0.353553
18.3125 16.0625 15.36 0.353553
18.375 16.0625 15.44 0.353553
18.3125 16.0625 15.52 0.353553
18.3125 16.0625 15.6 0.353553
18.3125 16.0625 15.68 0.353553
18.3125 16.0625 15.76 0.353553
18.3125 16.0625 15.84 0.353553
18.3125 16.0625 15.92 0.353553
18.3125 16.0625 16 0.353553
18.3125 16.0625 16.08 0.353553
18.3125 16.0625 16.16 0.353553
18.3125 16.0625 16.24 0.353553
18.3125 16.0625 16.32 0.353553
18.3125 16.0625 16.4 0.353553
18.3125 16.0625 16.48 0.353553
18.3125 16.0625 16.56 0.353553
18.3125 16.0625 16.64 0.353553
18.3125 16.0625 16.72 0.353553
18.3125 16.0625 16.8 0.353553
18.3125 16.0625 16.88 0.353553
18.3125 16.0625 16.96 0.353553
18.3125 16.0625 17.04 0.353553
18.3125 16.0625 17.12 0.353553
18.3125 16.0625 17.2 0.353553
18.3125 16.0625 17.28 0.353553
18.3125 16.0625 17.36 0.353553
18.3125 16.0625 17.44 0.353553
18.3125 16.0625 17.52 0.353553
18.3125 16.0625 17.6 0.353553
18.3125 16.0625 17.68 0.279508
18.3125 16.125 17.76 0.25
18.3125 16.125 17.84 0.296816
18.3125 16.125 17.92 0.353553
18.3125 16.125 18 0.353553
18.375 16.1875 18.08 0.353553
18.375 16.1875 18.16 0.322064
18.4375 16.1875 18.24 0.406079
18.4375 16.1875 18.32 0.388072
18.4375 16.1875 18.4 0.406079
18.5 16.1875 18.48 0.388072
18.5 16.1875 18.56 0.353553
18.5625 16.25 18.64 0.388072
18.5625 16.25 18.72 0.406079
18.625 16.25 18.8 0.388072
18.625 16.25 18.88 0.353553
18.625 16.3125 18.96 0.353553
18.625 16.3125 19.04 0.353553
18.625 16.375 19.12 0.353553
18.5625 16.375 19.2 0.353553
18.5625 16.375 19.28 0.296816
18.5 16.375 19.36 0.279508
18.5 16.4375 19.44 0.279508
18.5 16.4375 19.52 0.279508
18.5625 16.4375 19.6 0.343548
18.625 16.5 19.68 0.238432
18.6875 16.5 19.68 0.32
18.75 16.5 19.68 0.32
18.8125 16.5625 19.68 0.32
18.875 16.5625 19.68 0.32
18.9375 16.625 19.68 0.32
19 16.625 19.68 0.32
19.0625 16.6875 19.68 0.32
19.125 16.75 19.6 0.32
19.1875 16.8125 19.6 0.32
19.25 16.875 19.6 0.32
19.3125 16.9375 19.6 0.238432
19.375 17 19.52 0.32
19.4375 17.0625 19.52 0.32
19.5 17.125 19.52 0.32
19.5625 17.1875 19.52 0.32
19.625 17.25 19.52 0.32
19.625 17.3125 19.6 0.296816
19.6875 17.375 19.68 0.296816
19.75 17.4375 19.76 0.353553
19.75 17.4375 19.84 0.353553
19.75 17.4375 19.92 0.353553
19.75 17.375 20 0.296816
19.6875 17.3125 20.08 0.296816
19.625 17.25 20.16 0.296816
19.5625 17.1875 20.24 0.296816
19.5 17.125 20.32 0.343548
19.5 17.0625 20.4 0.296816
19.4375 17.0625 20.48 0.25
19.4375 17 20.56 0.279508
19.4375 17.0625 20.64 0.25
19.5 17 20.72 0.279508
19.5 17.0625 20.8 0.25
19.5625 17.0625 20.88 0.279508
19.5625 17.125 20.96 0.279508
19.5625 17.125 21.04 0.279508
19.625 17.125 21.12 0.322064
19.625 17.1875 21.2 0.296816
19.6875 17.25 21.28 0.353553
19.6875 17.25 21.36 0.296816
19.6875 17.3125 21.44 0.322064
19.75 17.375 21.52 0.406079
19.75 17.4375 21.6 0.322064
19.75 17.5 21.68 0.353553
19.75 17.5625 21.76 0.343548
19.75 17.625 21.76 0.343548
19.8125 17.6875 21.84 0.32
19.8125 17.75 21.84 0.343548
19.8125 17.8125 21.92 0.32
19.875 17.875 21.92 0.32
19.875 17.9375 21.92 0.32
19.875 18 21.92 0.32
19.875 18.0625 21.92 0.32
19.875 18.125 21.92 0.32
19.875 18.1875 21.92 0.32
19.875 18.25 21.92 0.32
19.875 18.3125 21.84 0.343548
19.875 18.375 21.84 0.406079
19.8125 18.4375 21.84 0.343548
19.875 18.5 21.76 0.343548
19.8125 18.5625 21.76 0.406079
19.75 18.5625 21.76 0.406079
19.6875 18.625 21.76 0.343548
19.625 18.6875 21.68 0.365582
19.5625 18.75 21.68 0.343548
19.5 18.8125 21.68 0.32
19.4375 18.8125 21.68 0.32
19.375 18.875 21.68 0.32
19.3125 18.875 21.68 0.32
19.25 18.8125 21.68 0.32
19.1875 18.8125 21.68 0.32
19.125 18.8125 21.68 0.32
19.0625 18.8125 21.68 0.32
19 18.8125 21.68 0.32
18.9375 18.75 21.68 0.32
18.875 18.75 21.68 0.32
18.8125 18.75 21.68 0.343548
18.75 18.75 21.68 0.343548
18.6875 18.75 21.68 0.365582
18.625 18.75 21.68 0.406079
18.5625 18.6875 21.68 0.424882
18.5 18.6875 21.68 0.424882
18.4375 18.625 21.68 0.406079
18.375 18.6875 21.68 0.343548
18.3125 18.625 21.76 0.343548
18.25 18.5625 21.76 0.406079
18.25 18.5 21.76 0.406079
18.1875 18.4375 21.76 0.343548
18.125 18.375 21.84 0.32
18.0625 18.3125 21.84 0.32
18.0625 18.25 21.84 0.32
18.0625 18.1875 21.84 0.343548
18 18.125 21.84 0.343548
17.9375 18.0625 21.92 0.343548
17.9375 18 21.92 0.343548
17.875 17.9375 22 0.343548
17.8125 17.875 22.08 0.343548
17.75 17.8125 22.16 0.296816
17.75 17.75 22.24 0.343548
17.6875 17.6875 22.32 0.296816
17.625 17.6875 22.4 0.296816
17.625 17.625 22.48 0.343548
17.5625 17.5625 22.56 0.296816
17.5 17.5 22.64 0.296816
17.5 17.4375 22.72 0.296816
17.4375 17.4375 22.8 0.279508
17.4375 17.375 22.88 0.238432
17.375 17.3125 22.96 0.238432
17.375 17.3125 23.04 0.203039
17.375 17.3125 23.12 0.16
17.3125 17.3125 23.2 0.125
17.3125 17.3125 23.28 0.16
17.3125 17.25 23.36 0.16
17.25 17.25 23.44 0.125
17.25 17.25 23.52 0.125
17.1875 17.1875 23.6 0.176777
17.1875 17.1875 23.68 0.176777
17.1875 17.1875 23.76 0.176777
17.1875 17.1875 23.84 0.176777
17.125 17.125 23.92 0.176777
17.0625 17.0625 24 0.203039
17.125 17 24.08 0.16
17.0625 16.9375 24.08 0.16
17 16.875 24.08 0.203039
16.9375 16.8125 24.16 0.16
16.9375 16.75 24.16 0.16
16.875 16.6875 24.16 0.16
16.8125 16.625 24.16 0.125
16.75 16.5625 24.16 0.16
16.6875 16.5 24.16 0.16
16.625 16.4375 24.16 0.125
16.5625 16.375 24.24 0.125
16.5625 16.3125 24.24 0.16
16.5 16.25 24.24 0.125
16.4375 16.25 24.32 0.125
16.4375 16.1875 24.4 0.125
16.375 16.125 24.48 0.238432
10 17
19.3125 14.6875 16.16 0.715297
19.3125 14.625 16.24 0.715297
19.25 14.5625 16.32 0.609118
19.25 14.5625 16.4 0.492976
19.25 14.5625 16.48 0.407707
19.25 14.5625 16.56 0.375
19.25 14.5625 16.64 0.353553
19.25 14.5625 16.72 0.353553
19.25 14.625 16.8 0.322064
19.25 14.625 16.88 0.353553
19.25 14.625 16.96 0.353553
19.25 14.6875 17.04 0.353553
19.25 14.6875 17.12 0.353553
19.1875 14.6875 17.2 0.353553
19.1875 14.75 17.28 0.388072
19.1875 14.75 17.36 0.476865
19.125 14.8125 17.44 0.353553
11 42
19.3125 14.6875 16.16 0.715297
19.375 14.75 16.24 0.658426
19.4375 14.8125 16.24 0.53033
19.5 14.875 16.32 0.609118
19.5625 14.875 16.32 0.621812
19.625 14.9375 16.4 0.658426
19.6875 15 16.4 0.724983
19.75 15.0625 16.48 0.707107
19.75 15.0625 16.56 0.707107
19.8125 15.0625 16.64 0.606651
19.8125 15.125 16.72 0.693109
19.8125 15.1875 16.8 0.715297
19.875 15.25 16.88 0.658426
19.875 15.3125 16.96 0.619395
19.875 15.3125 17.04 0.619395
19.875 15.375 17.12 0.53033
19.9375 15.375 17.2 0.609118
19.9375 15.4375 17.28 0.609118
19.9375 15.5 17.36 0.478252
19.9375 15.5 17.44 0.508576
19.875 15.5625 17.52 0.53033
19.9375 15.5625 17.6 0.492976
19.9375 15.625 17.68 0.508576
19.9375 15.6875 17.76 0.478252
19.9375 15.6875 17.84 0.492976
19.9375 15.75 17.92 0.492976
19.9375 15.75 18 0.450694
19.875 15.75 18.08 0.450694
19.875 15.75 18.16 0.450694
19.875 15.8125 18.24 0.450694
19.875 15.8125 18.32 0.407707
19.8125 15.8125 18.4 0.53033
19.8125 15.8125 18.48 0.53033
19.8125 15.8125 18.56 0.450694
19.75 15.8125 18.64 0.450694
19.75 15.8125 18.72 0.478252
19.75 15.8125 18.8 0.450694
19.75 15.8125 18.88 0.450694
19.75 15.8125 18.96 0.450694
19.6875 15.8125 19.04 0.450694
19.6875 15.8125 19.12 0.450694
19.6875 15.875 19.2 0.53033
12 63
13.3125 14.75 8.64 1.12
13.25 14.6875 8.64 1.12
13.1875 14.6875 8.64 1.0152
13.125 14.75 8.72 0.968104
13.0625 14.75 8.72 0.943398
13 14.8125 8.8 0.88353
12.9375 14.8125 8.8 0.88353
12.875 14.875 8.88 0.849765
12.8125 14.9375 8.96 0.812158
12.75 15 9.04 0.741772
12.6875 15 9.04 0.741772
12.625 15.0625 9.12 0.687095
12.5625 15.0625 9.12 0.715297
12.5 15.125 9.2 0.687095
12.4375 15.125 9.2 0.687095
12.375 15.125 9.2 0.652093
12.3125 15.1875 9.28 0.687095
12.25 15.1875 9.28 0.687095
12.1875 15.1875 9.28 0.652093
12.125 15.25 9.36 0.64
12.0625 15.25 9.36 0.652093
12 15.3125 9.36 0.64
11.9375 15.3125 9.36 0.64
11.875 15.3125 9.36 0.478252
11.8125 15.375 9.36 0.541202
11.75 15.375 9.36 0.541202
11.6875 15.375 9.36 0.511517
11.625 15.375 9.36 0.496009
11.5625 15.375 9.36 0.496009
11.5 15.375 9.36 0.496009
11.4375 15.375 9.36 0.496009
11.375 15.375 9.36 0.48
11.3125 15.375 9.36 0.496009
11.25 15.3125 9.36 0.511517
11.1875 15.375 9.36 0.496009
11.125 15.375 9.36 0.496009
11.0625 15.375 9.36 0.496009
11 15.3125 9.36 0.511517
10.9375 15.3125 9.36 0.541202
10.875 15.3125 9.36 0.609118
10.8125 15.3125 9.36 0.64
10.75 15.25 9.36 0.64
10.6875 15.25 9.36 0.609118
10.625 15.25 9.28 0.64
10.5625 15.1875 9.28 0.652093
10.5 15.1875 9.28 0.64
10.4375 15.125 9.28 0.64
10.375 15.125 9.2 0.652093
10.3125 15.125 9.2 0.663965
10.25 15.125 9.2 0.652093
10.1875 15.0625 9.12 0.621812
10.125 15 9.12 0.687095
10.0625 15 9.12 0.621812
10 14.9375 9.04 0.621812
9.9375 14.875 9.04 0.609118
9.875 14.875 8.96 0.64
9.8125 14.8125 8.96 0.621812
9.75 14.8125 8.96 0.609118
9.6875 14.75 8.88 0.609118
9.625 14.75 8.88 0.541202
9.5625 14.6875 8.8 0.609118
9.5 14.625 8.8 0.492976
9.4375 14.5625 8.72 0.55545
13 285
13.3125 14.75 8.64 1.12
13.3125 14.8125 8.64 1.0152
13.25 14.875 8.72 0.96
13.25 14.9375 8.72 0.821721
13.1875 15 8.8 0.8
13.25 15.0625 8.88 0.64
13.3125 15.125 8.96 0.496009
13.375 15.1875 9.04 0.406079
13.375 15.25 9.12 0.343548
13.3125 15.3125 9.2 0.296816
13.3125 15.375 9.28 0.25
13.25 15.375 9.36 0.296816
13.1875 15.375 9.44 0.279508
13.1875 15.3125 9.52 0.322064
13.1875 15.3125 9.6 0.424882
13.1875 15.375 9.68 0.343548
13.25 15.4375 9.76 0.238432
13.3125 15.375 9.84 0.296816
13.3125 15.375 9.92 0.25
13.375 15.375 10 0.25
13.4375 15.375 10 0.25
13.5 15.375 10 0.238432
13.5625 15.4375 10.08 0.203039
13.625 15.4375 10.16 0.238432
13.6875 15.4375 10.16 0.238432
13.75 15.4375 10.24 0.238432
13.8125 15.5 10.32 0.353553
13.875 15.5625 10.4 0.406079
13.9375 15.625 10.48 0.343548
14 15.6875 10.56 0.32
14.0625 15.6875 10.56 0.343548
14.125 15.75 10.64 0.32
14.1875 15.8125 10.64 0.203039
14.25 15.875 10.72 0.203039
14.3125 15.9375 10.8 0.203039
14.375 15.9375 10.88 0.238432
14.4375 15.9375 10.96 0.238432
14.4375 16 11.04 0.279508
14.5 15.9375 11.12 0.353553
14.5 15.9375 11.2 0.296816
14.5625 15.9375 11.28 0.296816
14.5625 15.9375 11.36 0.25
14.5625 16 11.44 0.25
14.5625 15.9375 11.52 0.279508
14.5625 15.9375 11.6 0.279508
14.5 15.9375 11.68 0.296816
14.5 15.875 11.76 0.296816
14.4375 15.875 11.84 0.296816
14.4375 15.875 11.92 0.406079
14.4375 15.8125 12 0.406079
14.5 15.75 12.08 0.353553
14.5 15.75 12.16 0.353553
14.5625 15.75 12.24 0.322064
14.625 15.75 12.32 0.322064
14.625 15.75 12.4 0.424882
14.625 15.75 12.48 0.388072
14.6875 15.75 12.56 0.424882
14.6875 15.75 12.64 0.476865
14.75 15.75 12.72 0.375
14.75 15.75 12.8 0.388072
14.75 15.8125 12.88 0.375
14.75 15.8125 12.96 0.388072
14.8125 15.8125 13.04 0.353553
14.8125 15.875 13.12 0.353553
14.8125 15.8125 13.2 0.375
14.8125 15.8125 13.28 0.388072
14.8125 15.8125 13.36 0.353553
14.875 15.875 13.44 0.375
14.875 15.875 13.52 0.388072
14.875 15.875 13.6 0.353553
14.875 15.875 13.68 0.353553
14.9375 15.875 13.76 0.353553
14.9375 15.875 13.84 0.375
14.9375 15.875 13.92 0.424882
14.9375 15.9375 14 0.353553
14.9375 15.9375 14.08 0.353553
14.9375 15.9375 14.16 0.353553
14.9375 15.9375 14.24 0.353553
14.9375 15.9375 14.32 0.322064
14.9375 15.875 14.4 0.353553
14.9375 15.9375 14.48 0.322064
14.9375 15.9375 14.56 0.279508
14.9375 15.9375 14.64 0.322064
14.9375 15.9375 14.72 0.388072
15 15.9375 14.8 0.375
14.9375 16 14.88 0.395285
14.9375 16 14.96 0.375
14.9375 16 15.04 0.395285
14.9375 16 15.12 0.375
14.9375 16 15.2 0.375
14.9375 16 15.28 0.375
14.9375 16 15.36 0.388072
14.9375 16.0625 15.44 0.388072
14.9375 16.0625 15.52 0.375
14.9375 16.0625 15.6 0.375
14.9375 16.0625 15.68 0.375
14.9375 16.0625 15.76 0.375
14.9375 16.0625 15.84 0.388072
14.9375 16 15.92 0.388072
14.9375 16 16 0.322064
14.9375 16 16.08 0.296816
14.9375 16 16.16 0.25
14.9375 16 16.24 0.296816
14.875 16 16.32 0.353553
14.875 16 16.4 0.353553
14.875 16 16.48 0.353553
14.875 16 16.56 0.353553
14.875 16 16.64 0.375
14.875 16 16.72 0.375
14.875 16 16.8 0.388072
14.875 16 16.88 0.353553
14.875 16 16.96 0.353553
14.875 15.9375 17.04 0.353553
14.875 15.9375 17.12 0.388072
14.9375 15.9375 17.2 0.353553
14.9375 15.9375 17.28 0.353553
15 15.875 17.36 0.388072
15 15.875 17.44 0.353553
15.0625 15.875 17.52 0.406079
15.125 15.9375 17.6 0.406079
15.1875 15.875 17.68 0.406079
15.1875 15.9375 17.76 0.322064
15.25 15.9375 17.84 0.279508
15.1875 16 17.92 0.279508
15.1875 16.0625 18 0.296816
15.125 16.0625 18.08 0.343548
15.0625 16.125 18.16 0.296816
15 16.125 18.24 0.406079
14.9375 16.125 18.32 0.406079
14.875 16.125 18.4 0.424882
14.8125 16.0625 18.48 0.388072
14.8125 16.0625 18.56 0.476865
14.8125 16.0625 18.64 0.492976
14.8125 16.0625 18.72 0.407707
14.8125 16.0625 18.8 0.375
14.8125 16.0625 18.88 0.353553
14.875 16.0625 18.96 0.388072
14.875 16.0625 19.04 0.395285
14.875 16.0625 19.12 0.424882
14.9375 16.0625 19.2 0.353553
14.9375 16.125 19.28 0.353553
15 16.125 19.36 0.296816
15 16.1875 19.44 0.322064
14.9375 16.1875 19.52 0.279508
14.875 16.25 19.52 0.343548
14.8125 16.3125 19.6 0.32
14.75 16.3125 19.6 0.32
14.6875 16.375 19.6 0.32
14.625 16.375 19.6 0.32
14.5625 16.4375 19.6 0.32
14.5 16.4375 19.6 0.32
14.4375 16.5 19.6 0.32
14.375 16.5 19.6 0.32
14.3125 16.5625 19.6 0.32
14.25 16.5625 19.6 0.32
14.1875 16.5625 19.6 0.32
14.125 16.5625 19.68 0.32
14.0625 16.5625 19.68 0.32
14 16.625 19.68 0.32
13.9375 16.6875 19.68 0.32
13.875 16.75 19.68 0.32
13.8125 16.75 19.68 0.32
13.75 16.8125 19.68 0.32
13.6875 16.8125 19.76 0.32
13.625 16.8125 19.76 0.343548
13.5625 16.8125 19.76 0.406079
13.5 16.8125 19.84 0.406079
13.5 16.75 19.92 0.406079
13.5625 16.6875 20 0.406079
13.5625 16.625 20 0.353553
13.625 16.5625 20.08 0.353553
13.6875 16.5 20.16 0.353553
13.75 16.4375 20.24 0.406079
13.8125 16.4375 20.32 0.406079
13.875 16.4375 20.4 0.406079
13.9375 16.5 20.48 0.388072
13.9375 16.5 20.56 0.406079
13.9375 16.5625 20.64 0.406079
13.9375 16.625 20.72 0.406079
13.9375 16.6875 20.8 0.406079
13.9375 16.75 20.88 0.406079
13.875 16.75 20.96 0.353553
13.875 16.75 21.04 0.353553
13.875 16.8125 21.12 0.322064
13.8125 16.875 21.2 0.406079
13.75 16.875 21.28 0.322064
13.6875 16.9375 21.36 0.406079
13.625 16.9375 21.44 0.406079
13.5625 17 21.52 0.343548
13.5 17 21.52 0.406079
13.4375 17.0625 21.6 0.343548
13.375 17.125 21.68 0.343548
13.3125 17.125 21.68 0.406079
13.25 17.1875 21.68 0.406079
13.1875 17.25 21.76 0.406079
13.125 17.3125 21.76 0.322064
13.125 17.375 21.76 0.406079
13.1875 17.4375 21.84 0.424882
13.1875 17.5 21.84 0.48
13.1875 17.5625 21.84 0.48
13.1875 17.625 21.84 0.496009
13.1875 17.6875 21.84 0.496009
13.1875 17.75 21.84 0.48
13.25 17.8125 21.84 0.496009
13.25 17.875 21.84 0.424882
13.3125 17.9375 21.84 0.424882
13.375 18 21.84 0.424882
13.4375 18.0625 21.76 0.424882
13.5 18.125 21.76 0.406079
13.5625 18.125 21.76 0.406079
13.625 18.125 21.76 0.353553
13.6875 18.1875 21.68 0.406079
13.75 18.25 21.68 0.424882
13.8125 18.25 21.68 0.424882
13.875 18.3125 21.68 0.406079
13.9375 18.375 21.6 0.406079
14 18.375 21.6 0.424882
14.0625 18.375 21.6 0.48
14.125 18.375 21.6 0.48
14.1875 18.375 21.6 0.48
14.25 18.375 21.6 0.48
14.3125 18.4375 21.6 0.48
14.375 18.4375 21.6 0.48
14.4375 18.4375 21.6 0.406079
14.5 18.4375 21.6 0.406079
14.5625 18.4375 21.68 0.406079
14.625 18.4375 21.68 0.406079
14.6875 18.5 21.68 0.406079
14.75 18.5 21.76 0.343548
14.8125 18.4375 21.76 0.406079
14.875 18.4375 21.76 0.424882
14.9375 18.4375 21.76 0.406079
15 18.375 21.84 0.406079
15.0625 18.3125 21.92 0.406079
15.0625 18.25 21.92 0.353553
15.125 18.1875 22 0.406079
15.1875 18.125 22 0.406079
15.1875 18.0625 22.08 0.343548
15.1875 18 22.08 0.365582
15.25 17.9375 22.08 0.343548
15.3125 17.875 22.16 0.343548
15.375 17.8125 22.24 0.32
15.4375 17.75 22.24 0.343548
15.5 17.6875 22.32 0.296816
15.5625 17.625 22.4 0.296816
15.625 17.5625 22.48 0.343548
15.625 17.5625 22.56 0.296816
15.6875 17.5 22.64 0.406079
15.6875 17.4375 22.72 0.406079
15.6875 17.4375 22.8 0.406079
15.6875 17.375 22.88 0.353553
15.6875 17.375 22.96 0.296816
15.75 17.375 23.04 0.353553
15.75 17.375 23.12 0.238432
15.75 17.375 23.2 0.176777
15.75 17.375 23.28 0.203039
15.6875 17.375 23.36 0.176777
15.6875 17.3125 23.44 0.238432
15.75 17.3125 23.52 0.176777
15.6875 17.3125 23.6 0.176777
15.6875 17.3125 23.68 0.176777
15.6875 17.25 23.76 0.176777
15.6875 17.25 23.84 0.203039
15.6875 17.1875 23.92 0.203039
15.6875 17.1875 24 0.176777
15.6875 17.1875 24.08 0.203039
15.6875 17.125 24.16 0.176777
15.75 17.125 24.24 0.203039
15.75 17.0625 24.32 0.203039
15.75 17 24.4 0.176777
15.8125 16.9375 24.48 0.203039
15.8125 16.875 24.48 0.203039
15.875 16.8125 24.56 0.16
15.9375 16.75 24.56 0.16
15.9375 16.6875 24.56 0.16
16 16.625 24.56 0.16
16 16.5625 24.56 0.16
16 16.5 24.56 0.16
16 16.4375 24.56 0.125
16.0625 16.375 24.48 0.16
16.125 16.3125 24.48 0.16
16.1875 16.25 24.48 0.16
16.25 16.1875 24.48 0.16
16.3125 16.125 24.48 0.203039
16.375 16.125 24.48 0.238432
14 13
13.625 14.5625 16.08 0.812158
13.625 14.5 16.16 0.715297
13.625 14.5 16.24 0.652093
13.6875 14.4375 16.32 0.541202
13.6875 14.375 16.4 0.388072
13.6875 14.375 16.48 0.353553
13.75 14.375 16.56 0.353553
13.75 14.375 16.64 0.322064
13.75 14.375 16.72 0.279508
13.8125 14.375 16.8 0.353553
13.8125 14.375 16.88 0.353553
13.8125 14.375 16.96 0.353553
13.875 14.375 17.04 0.343548
15 15
13.625 14.5625 16.08 0.812158
13.5625 14.625 16.16 0.625
13.5 14.6875 16.24 0.53033
13.4375 14.75 16.32 0.609118
13.4375 14.8125 16.4 0.541202
13.375 14.875 16.48 0.541202
13.375 14.9375 16.48 0.476865
13.3125 15 16.56 0.424882
13.3125 15.0625 16.64 0.353553
13.3125 15.0625 16.72 0.279508
13.3125 15.0625 16.8 0.279508
13.3125 15.0625 16.88 0.353553
13.3125 15.0625 16.96 0.353553
13.3125 15.125 17.04 0.424882
13.3125 15.1875 17.12 0.476865
16 33
16.375 16.125 24.48 0.238432
16.4375 16.0625 24.56 0.238432
16.4375 16 24.64 0.25
16.5 15.9375 24.72 0.296816
16.5 15.9375 24.8 0.279508
16.5625 15.875 24.88 0.296816
16.625 15.875 24.96 0.25
16.625 15.8125 25.04 0.279508
16.6875 15.75 25.12 0.296816
16.6875 15.75 25.2 0.25
16.6875 15.6875 25.28 0.279508
16.75 15.625 25.36 0.25
16.75 15.625 25.44 0.238432
16.75 15.5625 25.52 0.25
16.75 15.5 25.6 0.25
16.75 15.4375 25.68 0.238432
16.75 15.4375 25.76 0.203039
16.6875 15.375 25.84 0.238432
16.6875 15.3125 25.92 0.238432
16.6875 15.3125 26 0.238432
16.625 15.25 26.08 0.238432
16.625 15.25 26.16 0.25
16.625 15.25 26.24 0.203039
16.5625 15.1875 26.32 0.238432
16.5625 15.1875 26.4 0.238432
16.5 15.1875 26.48 0.238432
16.4375 15.1875 26.56 0.238432
16.4375 15.1875 26.64 0.238432
16.4375 15.1875 26.72 0.203039
16.375 15.1875 26.8 0.238432
16.375 15.1875 26.88 0.176777
16.3125 15.25 26.96 0.203039
16.25 15.25 27.04 0.25
17 128
19.125 14.8125 17.44 0.353553
19.0625 14.8125 17.52 0.343548
19 14.8125 17.52 0.32
18.9375 14.8125 17.6 0.203039
18.9375 14.8125 17.68 0.16
18.875 14.8125 17.76 0.125
18.8125 14.875 17.84 0.125
18.875 14.8125 17.92 0.16
18.8125 14.8125 18 0.125
18.8125 14.8125 18.08 0.176777
18.8125 14.8125 18.16 0.125
18.8125 14.8125 18.24 0.125
18.8125 14.75 18.32 0.176777
18.8125 14.75 18.4 0.176777
18.875 14.75 18.48 0.203039
18.8125 14.75 18.56 0.176777
18.8125 14.75 18.64 0.176777
18.8125 14.75 18.72 0.176777
18.75 14.6875 18.8 0.203039
18.6875 14.6875 18.8 0.176777
18.625 14.75 18.88 0.16
18.5625 14.75 18.88 0.16
18.5 14.75 18.88 0.16
18.4375 14.75 18.8 0.203039
18.375 14.75 18.8 0.203039
18.3125 14.75 18.72 0.238432
18.25 14.75 18.64 0.203039
18.1875 14.8125 18.56 0.203039
18.125 14.875 18.48 0.203039
18.1875 14.875 18.4 0.203039
18.25 14.8125 18.32 0.176777
18.3125 14.75 18.24 0.203039
18.375 14.6875 18.16 0.203039
18.375 14.625 18.08 0.203039
18.375 14.5625 18.08 0.176777
18.4375 14.5 18 0.203039
18.4375 14.4375 17.92 0.203039
18.4375 14.375 17.92 0.203039
18.4375 14.3125 17.84 0.203039
18.4375 14.25 17.84 0.238432
18.4375 14.1875 17.84 0.203039
18.5 14.125 17.84 0.16
18.5 14.0625 17.84 0.16
18.5 14 17.84 0.16
18.5 13.9375 17.84 0.16
18.4375 13.875 17.84 0.203039
18.4375 13.8125 17.84 0.203039
18.4375 13.75 17.84 0.203039
18.4375 13.6875 17.84 0.203039
18.4375 13.625 17.84 0.203039
18.4375 13.5625 17.84 0.203039
18.4375 13.5 17.84 0.203039
18.5 13.4375 17.84 0.16
18.5 13.375 17.84 0.16
18.4375 13.3125 17.84 0.16
18.375 13.25 17.76 0.203039
18.375 13.1875 17.76 0.203039
18.4375 13.125 17.76 0.16
18.4375 13.0625 17.76 0.125
18.375 13 17.76 0.16
18.3125 12.9375 17.68 0.203039
18.3125 12.875 17.68 0.203039
18.25 12.8125 17.68 0.16
18.1875 12.75 17.6 0.203039
18.125 12.6875 17.6 0.203039
18.0625 12.625 17.52 0.203039
18 12.625 17.52 0.203039
17.9375 12.625 17.52 0.125
17.875 12.5625 17.44 0.203039
17.875 12.5 17.44 0.203039
17.8125 12.4375 17.44 0.16
17.75 12.375 17.44 0.16
17.6875 12.3125 17.36 0.203039
17.75 12.25 17.36 0.125
17.6875 12.1875 17.36 0.125
17.625 12.125 17.28 0.16
17.625 12.0625 17.28 0.125
17.5625 12 17.28 0.16
17.5 11.9375 17.36 0.125
17.5 11.875 17.36 0.16
17.4375 11.8125 17.36 0.203039
17.4375 11.75 17.44 0.203039
17.4375 11.6875 17.52 0.176777
17.4375 11.6875 17.6 0.176777
17.4375 11.75 17.68 0.176777
17.4375 11.75 17.76 0.176777
17.4375 11.75 17.84 0.176777
17.4375 11.75 17.92 0.176777
17.4375 11.6875 18 0.176777
17.5 11.625 18.08 0.203039
17.5 11.625 18.16 0.16
17.4375 11.5625 18.24 0.125
17.5 11.5 18.32 0.16
17.4375 11.4375 18.4 0.176777
17.4375 11.4375 18.48 0.176777
17.4375 11.5 18.56 0.176777
17.5 11.5625 18.64 0.16
17.5 11.625 18.72 0.125
17.5 11.6875 18.72 0.16
17.5 11.75 18.72 0.16
17.5 11.8125 18.8 0.125
17.5 11.875 18.8 0.16
17.5 11.9375 18.88 0.125
17.5 12 18.96 0.125
17.5 12 19.04 0.203039
17.5 11.9375 19.12 0.16
17.5 11.875 19.2 0.16
17.4375 11.8125 19.2 0.203039
17.4375 11.75 19.28 0.125
17.4375 11.6875 19.2 0.16
17.4375 11.625 19.2 0.125
17.375 11.5625 19.2 0.16
17.375 11.5 19.2 0.16
17.375 11.4375 19.2 0.16
17.375 11.375 19.2 0.16
17.375 11.3125 19.2 0.16
17.375 11.25 19.2 0.16
17.375 11.1875 19.2 0.16
17.375 11.125 19.2 0.16
17.375 11.0625 19.2 0.16
17.375 11 19.2 0.16
17.375 10.9375 19.2 0.125
17.3125 10.875 19.28 0.16
17.25 10.8125 19.36 0.125
17.3125 10.75 19.44 0.16
17.3125 10.6875 19.44 0.16
17.3125 10.625 19.52 0.125
17.25 10.5625 19.52 0.16
18 64
19.125 14.8125 17.44 0.353553
19.1875 14.8125 17.52 0.424882
19.25 14.8125 17.6 0.406079
19.25 14.875 17.68 0.388072
19.25 14.875 17.76 0.353553
19.25 14.9375 17.84 0.375
19.25 14.9375 17.92 0.375
19.25 14.9375 18 0.353553
19.25 14.9375 18.08 0.353553
19.25 14.9375 18.16 0.279508
19.25 15 18.24 0.296816
19.3125 15.0625 18.32 0.353553
19.3125 15.0625 18.4 0.296816
19.3125 15.125 18.48 0.296816
19.3125 15.1875 18.56 0.279508
19.3125 15.1875 18.64 0.296816
19.375 15.1875 18.72 0.296816
19.375 15.25 18.8 0.279508
19.375 15.25 18.88 0.279508
19.4375 15.3125 18.96 0.279508
19.4375 15.3125 19.04 0.296816
19.5 15.3125 19.12 0.279508
19.5 15.3125 19.2 0.353553
19.5 15.3125 19.28 0.279508
19.5625 15.3125 19.36 0.279508
19.5625 15.3125 19.44 0.279508
19.5625 15.3125 19.52 0.279508
19.5625 15.3125 19.6 0.279508
19.5625 15.3125 19.68 0.279508
19.5625 15.3125 19.76 0.279508
19.5625 15.25 19.84 0.296816
19.5625 15.25 19.92 0.353553
19.5625 15.25 20 0.296816
19.5625 15.1875 20.08 0.296816
19.5625 15.1875 20.16 0.279508
19.625 15.1875 20.24 0.279508
19.625 15.125 20.32 0.296816
19.6875 15.0625 20.4 0.353553
19.75 15.0625 20.48 0.343548
19.8125 15 20.56 0.343548
19.875 15 20.64 0.279508
19.9375 15 20.64 0.296816
20 15 20.72 0.343548
20.0625 15 20.72 0.296816
20.125 15.0625 20.8 0.25
20.1875 15.0625 20.8 0.32
20.25 15.0625 20.88 0.343548
20.3125 15.0625 20.88 0.296816
20.375 15.125 20.96 0.343548
20.4375 15.125 21.04 0.296816
20.5 15.125 21.12 0.296816
20.5625 15.125 21.2 0.296816
20.625 15.1875 21.28 0.353553
20.625 15.1875 21.36 0.406079
20.6875 15.1875 21.44 0.322064
20.6875 15.1875 21.52 0.279508
20.6875 15.1875 21.6 0.279508
20.6875 15.1875 21.68 0.279508
20.75 15.25 21.76 0.25
20.75 15.1875 21.84 0.25
20.8125 15.1875 21.92 0.25
20.875 15.25 21.92 0.203039
20.9375 15.3125 22 0.16
21 15.3125 22 0.16
19 48
19.6875 15.875 19.2 0.53033
19.6875 15.875 19.28 0.450694
19.6875 15.875 19.36 0.450694
19.625 15.875 19.44 0.450694
19.625 15.875 19.52 0.53033
19.625 15.875 19.6 0.53033
19.625 15.875 19.68 0.450694
19.625 15.875 19.76 0.450694
19.5625 15.875 19.84 0.450694
19.5625 15.8125 19.92 0.478252
19.5625 15.8125 20 0.53033
19.5625 15.8125 20.08 0.541202
19.5 15.8125 20.16 0.492976
19.4375 15.8125 20.24 0.476865
19.4375 15.75 20.32 0.476865
19.375 15.6875 20.4 0.508576
19.3125 15.625 20.48 0.541202
19.25 15.5625 20.56 0.541202
19.1875 15.5 20.64 0.511517
19.125 15.4375 20.64 0.496009
19.0625 15.375 20.72 0.496009
19 15.3125 20.72 0.492976
18.9375 15.25 20.8 0.476865
18.9375 15.1875 20.8 0.541202
18.9375 15.125 20.88 0.541202
18.9375 15.0625 20.88 0.55545
18.9375 15 20.88 0.541202
19 14.9375 20.96 0.508576
19.0625 14.875 21.04 0.609118
19.0625 14.9375 21.12 0.621812
19.0625 15 21.2 0.5
19.0625 15.0625 21.28 0.508576
19.125 15.125 21.36 0.541202
19.1875 15.1875 21.36 0.541202
19.1875 15.25 21.36 0.476865
19.25 15.3125 21.44 0.492976
19.3125 15.375 21.52 0.508576
19.3125 15.4375 21.6 0.609118
19.375 15.5 21.68 0.621812
19.375 15.5625 21.76 0.658426
19.4375 15.5625 21.84 0.715297
19.4375 15.625 21.92 0.812158
19.5 15.625 22 0.715297
19.5 15.6875 22.08 0.715297
19.5 15.75 22.16 0.658426
19.5625 15.75 22.24 0.619395
19.625 15.75 22.32 0.55394
19.625 15.8125 22.4 0.658426
20 120
13.875 14.375 17.04 0.343548
13.9375 14.3125 17.12 0.203039
14 14.25 17.12 0.203039
14.0625 14.25 17.2 0.203039
14.0625 14.1875 17.28 0.203039
14.125 14.1875 17.36 0.176777
14.125 14.1875 17.44 0.203039
14.1875 14.1875 17.52 0.203039
14.1875 14.25 17.6 0.203039
14.1875 14.3125 17.68 0.203039
14.125 14.375 17.76 0.203039
14.125 14.4375 17.84 0.16
14.125 14.5 17.92 0.125
14.125 14.5625 17.92 0.16
14.0625 14.625 17.92 0.203039
14.125 14.6875 18 0.16
14.0625 14.6875 18.08 0.203039
14.0625 14.6875 18.16 0.176777
14.125 14.6875 18.24 0.16
14.1875 14.625 18.24 0.203039
14.25 14.5625 18.32 0.16
14.3125 14.5625 18.32 0.16
14.375 14.5 18.4 0.125
14.4375 14.4375 18.4 0.203039
14.5 14.5 18.4 0.176777
14.5625 14.5 18.4 0.203039
14.625 14.5625 18.32 0.203039
14.625 14.5625 18.24 0.176777
14.625 14.5625 18.16 0.203039
14.625 14.5 18.08 0.203039
14.5625 14.4375 18 0.203039
14.5625 14.375 18 0.203039
14.5625 14.3125 18 0.176777
14.5 14.25 18 0.238432
14.5 14.1875 18 0.238432
14.5625 14.125 18.08 0.125
14.625 14.0625 18 0.16
14.5625 14 17.92 0.203039
14.5625 13.9375 17.92 0.203039
14.625 13.875 17.84 0.203039
14.625 13.8125 17.76 0.203039
14.625 13.75 17.68 0.203039
14.625 13.6875 17.6 0.203039
14.625 13.625 17.52 0.176777
14.6875 13.5625 17.44 0.203039
14.6875 13.5 17.36 0.203039
14.6875 13.4375 17.28 0.176777
14.6875 13.375 17.2 0.176777
14.75 13.3125 17.12 0.203039
14.75 13.25 17.04 0.203039
14.8125 13.1875 17.04 0.16
14.75 13.125 16.96 0.203039
14.8125 13.0625 16.96 0.16
14.875 13 16.96 0.16
14.875 12.9375 16.96 0.16
14.8125 12.875 16.96 0.203039
14.875 12.8125 17.04 0.16
14.8125 12.75 17.04 0.203039
14.875 12.6875 17.12 0.203039
14.875 12.625 17.12 0.203039
14.9375 12.5625 17.2 0.203039
14.9375 12.5 17.28 0.203039
15 12.4375 17.36 0.203039
15 12.4375 17.44 0.203039
15.0625 12.375 17.52 0.203039
15.0625 12.3125 17.6 0.203039
15.0625 12.25 17.68 0.176777
15.125 12.25 17.76 0.16
15.1875 12.1875 17.76 0.16
15.1875 12.125 17.84 0.16
15.25 12.0625 17.84 0.16
15.3125 12 17.84 0.16
15.375 12 17.84 0.16
15.4375 11.9375 17.84 0.16
15.5 11.875 17.84 0.16
15.5625 11.8125 17.84 0.16
15.625 11.75 17.92 0.16
15.6875 11.6875 17.92 0.16
15.6875 11.625 18 0.125
15.75 11.5625 18 0.16
15.75 11.5 18 0.16
15.8125 11.4375 18 0.125
15.75 11.375 18.08 0.125
15.75 11.3125 18.16 0.16
15.6875 11.25 18.24 0.176777
15.625 11.25 18.32 0.176777
15.625 11.3125 18.4 0.203039
15.625 11.375 18.48 0.203039
15.625 11.4375 18.48 0.203039
15.625 11.5 18.56 0.203039
15.6875 11.5625 18.64 0.16
15.6875 11.625 18.72 0.125
15.75 11.6875 18.8 0.125
15.6875 11.75 18.88 0.176777
15.75 11.8125 18.96 0.16
15.8125 11.75 19.04 0.176777
15.875 11.6875 19.12 0.176777
15.9375 11.6875 19.2 0.16
16 11.625 19.2 0.16
16 11.5625 19.12 0.203039
16.0625 11.5 19.12 0.16
16.0625 11.4375 19.12 0.16
16.0625 11.375 19.12 0.125
16.0625 11.3125 19.04 0.125
16 11.25 19.04 0.125
16 11.1875 18.96 0.16
16 11.125 18.96 0.16
16 11.0625 18.96 0.125
15.9375 11 19.04 0.16
15.9375 10.9375 19.04 0.16
16 10.875 19.04 0.125
15.9375 10.8125 19.12 0.16
16 10.75 19.12 0.16
16.0625 10.6875 19.2 0.16
16.125 10.625 19.28 0.16
16.1875 10.5625 19.36 0.16
16.1875 10.5625 19.44 0.125
16.25 10.5 19.52 0.125
16.3125 10.5625 19.6 0.16
16.25 10.5625 19.68 0.125
21 62
13.875 14.375 17.04 0.343548
13.8125 14.375 17.12 0.296816
13.8125 14.4375 17.2 0.279508
13.75 14.4375 17.28 0.353553
13.75 14.4375 17.36 0.353553
13.75 14.5 17.44 0.424882
13.75 14.5 17.52 0.395285
13.75 14.5 17.6 0.406079
13.6875 14.5 17.68 0.353553
13.6875 14.5 17.76 0.296816
13.625 14.5625 17.84 0.296816
13.625 14.625 17.92 0.343548
13.5625 14.6875 18 0.343548
13.5 14.6875 18 0.296816
13.4375 14.6875 18.08 0.296816
13.375 14.75 18.16 0.25
13.3125 14.75 18.24 0.25
13.375 14.8125 18.32 0.279508
13.3125 14.8125 18.4 0.353553
13.3125 14.8125 18.48 0.296816
13.3125 14.875 18.56 0.25
13.3125 14.875 18.64 0.25
13.3125 14.875 18.72 0.25
13.3125 14.875 18.8 0.25
13.3125 14.875 18.88 0.296816
13.3125 14.875 18.96 0.279508
13.3125 14.875 19.04 0.279508
13.3125 14.875 19.12 0.296816
13.375 14.875 19.2 0.25
13.375 14.875 19.28 0.25
13.375 14.8125 19.36 0.296816
13.4375 14.8125 19.44 0.279508
13.4375 14.75 19.52 0.279508
13.5 14.75 19.6 0.296816
13.5 14.75 19.68 0.279508
13.5 14.75 19.76 0.279508
13.5625 14.6875 19.84 0.296816
13.5625 14.6875 19.92 0.296816
13.5625 14.6875 20 0.25
13.5625 14.6875 20.08 0.25
13.5625 14.6875 20.16 0.25
13.5625 14.625 20.24 0.279508
13.5 14.625 20.32 0.296816
13.5 14.625 20.4 0.343548
13.4375 14.625 20.48 0.279508
13.375 14.625 20.48 0.25
13.3125 14.5625 20.56 0.343548
13.25 14.5625 20.64 0.32
13.1875 14.5625 20.64 0.343548
13.125 14.5625 20.72 0.32
13.0625 14.5 20.72 0.343548
13 14.5625 20.72 0.25
12.9375 14.5 20.8 0.32
12.875 14.5 20.8 0.343548
12.8125 14.5 20.8 0.32
12.75 14.5 20.88 0.343548
12.6875 14.5 20.88 0.343548
12.625 14.4375 20.96 0.32
12.5625 14.4375 20.96 0.32
12.5 14.5 20.96 0.32
12.4375 14.4375 20.96 0.32
12.375 14.4375 20.96 0.25
22 64
13.3125 15.1875 17.12 0.476865
13.25 15.25 17.2 0.375
13.25 15.25 17.28 0.388072
13.3125 15.25 17.36 0.388072
13.25 15.3125 17.44 0.388072
13.3125 15.3125 17.52 0.388072
13.3125 15.375 17.6 0.424882
13.25 15.375 17.68 0.476865
13.25 15.375 17.76 0.395285
13.25 15.4375 17.84 0.476865
13.25 15.4375 17.92 0.450694
13.25 15.5 18 0.541202
13.1875 15.5 18.08 0.492976
13.1875 15.5625 18.16 0.450694
13.1875 15.5625 18.24 0.476865
13.1875 15.625 18.32 0.476865
13.125 15.6875 18.4 0.476865
13.0625 15.75 18.48 0.424882
13 15.8125 18.56 0.395285
13 15.8125 18.64 0.426439
13 15.8125 18.72 0.450694
13 15.8125 18.8 0.450694
13 15.8125 18.88 0.53033
13 15.8125 18.96 0.53033
13 15.8125 19.04 0.55545
13.0625 15.75 19.12 0.53033
13.125 15.75 19.2 0.407707
13.125 15.75 19.28 0.476865
13.125 15.6875 19.36 0.424882
13.1875 15.625 19.44 0.424882
13.25 15.625 19.44 0.406079
13.3125 15.5625 19.52 0.48
13.375 15.5 19.52 0.406079
13.4375 15.4375 19.6 0.406079
13.5 15.375 19.52 0.406079
13.5625 15.3125 19.52 0.406079
13.625 15.25 19.44 0.424882
13.6875 15.25 19.36 0.476865
13.75 15.1875 19.28 0.424882
13.8125 15.125 19.2 0.406079
13.8125 15.0625 19.2 0.48
13.875 15 19.2 0.48
13.9375 14.9375 19.28 0.424882
14 14.875 19.36 0.476865
14.0625 14.8125 19.44 0.609118
14.0625 14.8125 19.52 0.53033
14.0625 14.8125 19.6 0.5
14.125 14.8125 19.68 0.609118
14.125 14.8125 19.76 0.53033
14.125 14.8125 19.84 0.55394
14.125 14.8125 19.92 0.53033
14.125 14.8125 20 0.492976
14.125 14.875 20.08 0.450694
14.125 14.875 20.16 0.476865
14.0625 14.9375 20.24 0.476865
14.0625 15 20.32 0.476865
14.0625 15.0625 20.4 0.476865
14.0625 15.125 20.48 0.476865
14 15.1875 20.56 0.406079
14.0625 15.25 20.56 0.424882
14.0625 15.3125 20.64 0.424882
14.0625 15.375 20.72 0.476865
14 15.375 20.8 0.426439
14 15.4375 20.88 0.609118
23 25
15.0625 15.5 26.88 0.16
15.125 15.4375 26.88 0.16
15.125 15.375 26.88 0.203039
15.1875 15.3125 26.96 0.16
15.25 15.25 27.04 0.16
15.3125 15.1875 27.12 0.16
15.3125 15.125 27.12 0.203039
15.375 15.0625 27.2 0.16
15.375 15 27.2 0.203039
15.4375 14.9375 27.28 0.203039
15.5 14.875 27.36 0.203039
15.5625 14.875 27.44 0.238432
15.625 14.9375 27.52 0.16
15.625 15 27.52 0.16
15.625 15.0625 27.6 0.125
15.6875 15.125 27.52 0.16
15.75 15.1875 27.52 0.125
15.8125 15.25 27.44 0.16
15.875 15.25 27.44 0.125
15.9375 15.3125 27.36 0.16
16 15.3125 27.28 0.203039
16.0625 15.3125 27.2 0.203039
16.125 15.3125 27.2 0.32
16.1875 15.3125 27.12 0.343548
16.25 15.25 27.04 0.25
24 16
16.25 15.25 27.04 0.25
16.3125 15.3125 27.12 0.296816
16.375 15.375 27.2 0.25
16.4375 15.375 27.28 0.176777
16.5 15.375 27.36 0.16
16.5625 15.375 27.44 0.125
16.625 15.375 27.44 0.16
16.6875 15.3125 27.52 0.125
16.75 15.25 27.6 0.125
16.8125 15.25 27.6 0.125
16.875 15.3125 27.6 0.125
16.9375 15.3125 27.6 0.16
17 15.25 27.6 0.16
17.0625 15.25 27.6 0.16
17.125 15.25 27.6 0.16
17.1875 15.25 27.6 0.16
25 102
19.625 15.8125 22.4 0.658426
19.625 15.8125 22.48 0.609118
19.6875 15.875 22.56 0.621812
19.6875 15.875 22.64 0.539653
19.6875 15.875 22.72 0.515388
19.6875 15.9375 22.8 0.559017
19.6875 15.9375 22.88 0.619395
19.75 15.9375 22.96 0.609118
19.75 16 23.04 0.552743
19.75 16 23.12 0.53033
19.75 16.0625 23.2 0.552743
19.75 16.0625 23.28 0.619395
19.75 16.0625 23.36 0.625
19.75 16.0625 23.44 0.559017
19.75 16.125 23.52 0.715297
19.75 16.125 23.6 0.593633
19.75 16.125 23.68 0.524976
19.8125 16.1875 23.76 0.524976
19.75 16.1875 23.84 0.53033
19.75 16.1875 23.92 0.55394
19.75 16.1875 24 0.53033
19.6875 16.1875 24.08 0.450694
19.6875 16.1875 24.16 0.450694
19.6875 16.1875 24.24 0.395285
19.6875 16.1875 24.32 0.450694
19.625 16.1875 24.4 0.424882
19.5625 16.125 24.48 0.406079
19.5625 16.0625 24.56 0.388072
19.5 16.0625 24.64 0.424882
19.5 16 24.72 0.476865
19.4375 15.9375 24.8 0.496009
19.375 15.875 24.8 0.48
19.3125 15.8125 24.88 0.496009
19.25 15.8125 24.88 0.496009
19.1875 15.75 24.88 0.48
19.125 15.6875 24.88 0.48
19.0625 15.625 24.88 0.48
19 15.5625 24.88 0.48
18.9375 15.5625 24.88 0.424882
18.875 15.5 24.88 0.424882
18.8125 15.4375 24.88 0.424882
18.75 15.375 24.8 0.48
18.6875 15.375 24.8 0.48
18.625 15.3125 24.8 0.48
18.5625 15.25 24.8 0.353553
18.5 15.1875 24.88 0.343548
18.4375 15.125 24.88 0.343548
18.375 15.125 24.88 0.365582
18.3125 15.0625 24.88 0.406079
18.25 15 24.96 0.343548
18.1875 14.9375 24.96 0.406079
18.125 14.875 24.96 0.406079
18.0625 14.8125 25.04 0.388072
18 14.8125 25.12 0.406079
18 14.75 25.2 0.406079
17.9375 14.6875 25.28 0.406079
17.9375 14.625 25.36 0.406079
17.9375 14.5625 25.44 0.406079
17.875 14.5625 25.52 0.406079
17.875 14.5625 25.6 0.296816
17.8125 14.5625 25.68 0.406079
17.8125 14.5625 25.76 0.353553
17.8125 14.5 25.84 0.406079
17.8125 14.4375 25.92 0.322064
17.8125 14.4375 26 0.353553
17.8125 14.4375 26.08 0.388072
17.8125 14.4375 26.16 0.353553
17.75 14.375 26.24 0.375
17.75 14.3125 26.32 0.407707
17.75 14.25 26.4 0.48
17.75 14.1875 26.4 0.424882
17.6875 14.125 26.4 0.406079
17.6875 14.0625 26.4 0.406079
17.6875 14 26.48 0.48
17.6875 13.9375 26.48 0.48
17.6875 13.875 26.48 0.48
17.6875 13.8125 26.48 0.48
17.6875 13.75 26.48 0.424882
17.75 13.6875 26.48 0.48
17.75 13.625 26.48 0.48
17.75 13.5625 26.56 0.424882
17.75 13.5 26.56 0.476865
17.6875 13.4375 26.56 0.424882
17.625 13.375 26.64 0.476865
17.5625 13.375 26.72 0.388072
17.5 13.375 26.8 0.406079
17.4375 13.375 26.88 0.424882
17.4375 13.375 26.96 0.476865
17.4375 13.375 27.04 0.406079
17.375 13.4375 27.12 0.353553
17.375 13.5 27.2 0.406079
17.3125 13.5625 27.28 0.353553
17.3125 13.625 27.28 0.296816
17.3125 13.6875 27.36 0.343548
17.3125 13.75 27.36 0.32
17.3125 13.8125 27.44 0.32
17.3125 13.875 27.44 0.32
17.375 13.9375 27.44 0.32
17.375 14 27.44 0.32
17.4375 14.0625 27.44 0.32
17.4375 14.125 27.44 0.32
17.5 14.1875 27.36 0.343548
26 127
14 15.4375 20.88 0.609118
14 15.4375 20.96 0.619395
14 15.4375 21.04 0.539653
13.9375 15.4375 21.12 0.619395
13.9375 15.375 21.2 0.524976
13.875 15.375 21.28 0.619395
13.875 15.375 21.36 0.55394
13.8125 15.3125 21.44 0.552743
13.8125 15.3125 21.52 0.55394
13.8125 15.25 21.6 0.53033
13.8125 15.25 21.68 0.53033
13.8125 15.25 21.76 0.53033
13.8125 15.25 21.84 0.53033
13.8125 15.25 21.92 0.53033
13.8125 15.25 22 0.450694
13.8125 15.25 22.08 0.450694
13.8125 15.25 22.16 0.450694
13.8125 15.25 22.24 0.53033
13.8125 15.25 22.32 0.53033
13.8125 15.25 22.4 0.53033
13.875 15.25 22.48 0.55394
13.875 15.3125 22.56 0.619395
13.9375 15.3125 22.64 0.619395
13.9375 15.375 22.72 0.693109
13.9375 15.4375 22.8 0.715297
14 15.5 22.88 0.715297
14 15.5625 22.96 0.741772
14 15.625 23.04 0.693109
13.9375 15.6875 23.12 0.715297
13.875 15.75 23.2 0.658426
13.8125 15.75 23.28 0.539653
13.75 15.8125 23.36 0.621812
13.6875 15.8125 23.44 0.53033
13.6875 15.8125 23.52 0.541202
13.625 15.8125 23.6 0.476865
13.5625 15.8125 23.68 0.492976
13.5 15.8125 23.76 0.478252
13.5 15.8125 23.84 0.5
13.4375 15.8125 23.92 0.5
13.375 15.8125 24 0.53033
13.3125 15.8125 24.08 0.450694
13.3125 15.8125 24.16 0.541202
13.3125 15.75 24.24 0.476865
13.3125 15.6875 24.32 0.395285
13.375 15.625 24.4 0.388072
13.4375 15.625 24.48 0.388072
13.5 15.5625 24.48 0.476865
13.5625 15.5 24.56 0.496009
13.625 15.5 24.56 0.496009
13.6875 15.4375 24.56 0.48
13.75 15.375 24.64 0.496009
13.8125 15.3125 24.64 0.450694
13.875 15.3125 24.64 0.541202
13.9375 15.25 24.64 0.496009
14 15.25 24.64 0.48
14.0625 15.25 24.64 0.48
14.125 15.1875 24.56 0.48
14.1875 15.1875 24.64 0.424882
14.25 15.125 24.64 0.424882
14.3125 15.125 24.64 0.406079
14.375 15.0625 24.56 0.388072
14.4375 15.0625 24.64 0.406079
14.5 15.0625 24.64 0.406079
14.5625 15.0625 24.64 0.365582
14.625 15 24.64 0.406079
14.6875 14.9375 24.64 0.424882
14.75 14.875 24.64 0.48
14.8125 14.875 24.64 0.365582
14.875 14.875 24.72 0.406079
14.9375 14.8125 24.72 0.424882
15 14.75 24.72 0.406079
15.0625 14.75 24.8 0.406079
15.125 14.6875 24.88 0.365582
15.1875 14.625 24.88 0.353553
15.25 14.6875 24.96 0.406079
15.3125 14.625 25.04 0.406079
15.375 14.5625 25.12 0.375
15.375 14.5625 25.2 0.424882
15.375 14.5 25.28 0.406079
15.375 14.4375 25.36 0.353553
15.4375 14.4375 25.44 0.406079
15.4375 14.375 25.52 0.322064
15.4375 14.375 25.6 0.296816
15.4375 14.3125 25.68 0.406079
15.375 14.25 25.76 0.388072
15.375 14.25 25.84 0.476865
15.375 14.1875 25.92 0.476865
15.375 14.125 26 0.496009
15.375 14.0625 26.08 0.406079
15.375 14 26.08 0.375
15.3125 13.9375 26.16 0.424882
15.3125 13.875 26.24 0.406079
15.3125 13.8125 26.24 0.48
15.3125 13.75 26.24 0.424882
15.375 13.6875 26.24 0.406079
15.3125 13.625 26.32 0.353553
15.375 13.5625 26.32 0.343548
15.375 13.5 26.4 0.32
15.375 13.4375 26.4 0.279508
15.4375 13.375 26.4 0.322064
15.5 13.3125 26.48 0.296816
15.5625 13.375 26.56 0.279508
15.625 13.375 26.64 0.365582
15.6875 13.375 26.72 0.322064
15.6875 13.375 26.8 0.279508
15.75 13.4375 26.88 0.279508
15.8125 13.5 26.96 0.343548
15.8125 13.5625 26.96 0.296816
15.8125 13.625 27.04 0.32
15.8125 13.6875 27.04 0.32
15.8125 13.75 27.04 0.32
15.8125 13.8125 27.12 0.296816
15.8125 13.875 27.2 0.238432
15.75 13.9375 27.2 0.32
15.75 14 27.2 0.32
15.75 14.0625 27.2 0.238432
15.6875 14.125 27.2 0.238432
15.625 14.125 27.28 0.238432
15.5625 14.125 27.28 0.238432
15.5 14.1875 27.28 0.238432
15.4375 14.1875 27.28 0.25
15.375 14.1875 27.28 0.25
15.3125 14.1875 27.28 0.25
15.25 14.1875 27.28 0.32
15.1875 14.1875 27.28 0.32
15.125 14.125 27.28 0.238432
15.0625 14.0625 27.36 0.32
27 16
18.125 15.5625 27.04 0.16
18.125 15.5 27.04 0.16
18.0625 15.4375 27.04 0.16
18 15.375 27.12 0.16
17.9375 15.3125 27.12 0.176777
17.875 15.3125 27.2 0.16
17.8125 15.25 27.2 0.203039
17.75 15.1875 27.28 0.203039
17.6875 15.1875 27.36 0.203039
17.625 15.1875 27.36 0.203039
17.5625 15.1875 27.44 0.203039
17.5 15.1875 27.52 0.203039
17.4375 15.1875 27.52 0.203039
17.375 15.25 27.6 0.16
17.3125 15.3125 27.6 0.16
17.25 15.25 27.6 0.16
28 17
17.5 14.25 27.28 0.343548
17.4375 14.3125 27.28 0.203039
17.375 14.375 27.2 0.238432
17.3125 14.375 27.2 0.176777
17.25 14.4375 27.28 0.176777
17.1875 14.5 27.28 0.176777
17.125 14.5625 27.36 0.203039
17.125 14.625 27.44 0.16
17.125 14.6875 27.44 0.16
17.125 14.75 27.44 0.16
17.0625 14.8125 27.44 0.203039
17.0625 14.875 27.52 0.16
17.0625 14.9375 27.52 0.16
17.0625 15 27.52 0.203039
17.125 15.0625 27.6 0.16
17.1875 15.125 27.6 0.16
17.25 15.1875 27.6 0.16
29 37
17.5625 14.1875 27.36 0.32
17.625 14.25 27.36 0.32
17.6875 14.25 27.36 0.32
17.75 14.25 27.36 0.32
17.8125 14.3125 27.36 0.32
17.875 14.25 27.36 0.32
17.9375 14.1875 27.44 0.238432
18 14.1875 27.52 0.238432
18.0625 14.1875 27.6 0.203039
18 14.125 27.68 0.203039
17.9375 14.125 27.76 0.16
17.875 14.0625 27.84 0.16
17.8125 14.0625 27.84 0.16
17.75 14.0625 27.84 0.16
17.6875 14.0625 27.84 0.125
17.625 14 27.84 0.16
17.5625 14 27.84 0.16
17.5 14 27.84 0.125
17.4375 13.9375 27.84 0.16
17.375 13.9375 27.84 0.16
17.3125 13.9375 27.84 0.125
17.25 13.9375 27.76 0.125
17.1875 13.875 27.68 0.16
17.125 13.875 27.68 0.16
17.0625 13.875 27.68 0.16
17 13.8125 27.68 0.16
16.9375 13.75 27.68 0.125
16.875 13.6875 27.6 0.125
16.875 13.625 27.52 0.125
16.8125 13.5625 27.52 0.125
16.75 13.5 27.52 0.125
16.6875 13.4375 27.52 0.125
16.625 13.375 27.52 0.16
16.5625 13.3125 27.6 0.16
16.5625 13.25 27.68 0.16
16.5 13.1875 27.76 0.125
16.4375 13.1875 27.84 0.125
30 32
13.0625 13.25 27.04 0.16
13.125 13.25 26.96 0.125
13.1875 13.1875 26.96 0.16
13.25 13.1875 26.96 0.16
13.3125 13.125 26.96 0.16
13.375 13.125 26.96 0.16
13.4375 13.0625 26.96 0.16
13.5 13 27.04 0.16
13.5625 12.9375 27.12 0.203039
13.625 13 27.12 0.176777
13.6875 13.0625 27.2 0.16
13.75 13.125 27.2 0.16
13.8125 13.1875 27.2 0.16
13.875 13.25 27.2 0.16
13.9375 13.3125 27.2 0.16
14 13.375 27.2 0.16
14.0625 13.4375 27.2 0.16
14.125 13.5 27.2 0.203039
14.1875 13.5 27.2 0.238432
14.25 13.5625 27.2 0.203039
14.3125 13.625 27.28 0.16
14.375 13.625 27.28 0.203039
14.4375 13.6875 27.36 0.203039
14.5 13.75 27.36 0.176777
14.5625 13.75 27.36 0.203039
14.625 13.8125 27.44 0.16
14.6875 13.875 27.44 0.16
14.75 13.9375 27.44 0.16
14.8125 14 27.44 0.16
14.875 14.0625 27.44 0.16
14.9375 14 27.44 0.203039
15 14 27.36 0.296816
31 27
15.0625 14 27.44 0.203039
15.0625 13.9375 27.52 0.203039
15.125 13.9375 27.6 0.203039
15.1875 14 27.68 0.125
15.25 13.9375 27.68 0.16
15.3125 14 27.76 0.125
15.375 13.9375 27.84 0.125
15.4375 13.9375 27.84 0.16
15.5 13.9375 27.84 0.16
15.5625 13.9375 27.84 0.16
15.625 14 27.76 0.16
15.6875 14 27.76 0.16
15.75 14 27.76 0.16
15.8125 14 27.76 0.16
15.875 14 27.76 0.16
15.9375 13.9375 27.76 0.16
16 13.9375 27.76 0.16
16.0625 13.875 27.76 0.16
16.125 13.8125 27.76 0.16
16.1875 13.75 27.76 0.16
16.25 13.6875 27.76 0.16
16.3125 13.625 27.76 0.16
16.3125 13.5625 27.76 0.16
16.3125 13.5 27.76 0.16
16.3125 13.4375 27.84 0.16
16.3125 13.375 27.92 0.16
16.3125 13.3125 28 0.16
32 11
16.4375 13.1875 27.84 0.125
16.5 13.1875 27.92 0.125
16.5625 13.1875 28 0.125
16.625 13.1875 28.08 0.125
16.625 13.1875 28.16 0.16
16.6875 13.125 28.24 0.16
16.6875 13.0625 28.32 0.203039
16.6875 13 28.4 0.176777
16.6875 12.9375 28.48 0.176777
16.6875 12.875 28.56 0.176777
16.75 12.875 28.64 0.16
33 10
16.3125 13.25 28 0.203039
16.3125 13.1875 28.08 0.176777
16.3125 13.1875 28.16 0.176777
16.3125 13.125 28.24 0.176777
16.375 13.125 28.32 0.176777
16.375 13.0625 28.4 0.176777
16.375 13 28.48 0.176777
16.4375 13.0625 28.56 0.16
16.5 13 28.56 0.125
16.4375 12.9375 28.64 0.125
