29
1 22
17.3304 15.3135 1.04 0.16
17.4051 15.3882 1.12 0.32
17.4798 15.4629 1.2 0.48
17.5545 15.5376 1.28 0.64
17.6292 15.6123 1.36 0.8
17.7039 15.687 1.44 0.96
17.7786 15.7617 1.52 1.12
17.8533 15.8364 1.6 1.28
17.928 15.9111 1.68 1.44
17.928 15.9858 1.76 1.6
17.8533 15.9111 1.84 1.76
17.7786 15.8364 1.92 1.92
17.7039 15.7617 2 2.08
17.6292 15.687 2.08 2.24
17.5545 15.6123 2.16 2.4
17.4798 15.5376 2.24 2.56
17.4051 15.4629 2.32 2.72
17.3304 15.4629 2.4 2.88
17.3304 15.4629 2.48 3.04
17.4051 15.5376 2.56 3.2
17.4798 15.6123 2.64 3.36
17.5545 15.687 2.72 3.52
2 38
17.5545 15.687 2.72 3.52
17.5545 15.687 2.8 3.48778
17.6292 15.7617 2.88 3.11743
17.6292 15.7617 2.96 3.60613
17.7039 15.7617 3.04 3.13275
17.7039 15.7617 3.12 3.51524
17.7039 15.8364 3.2 3.50252
17.7786 15.8364 3.28 3.50252
17.7786 15.9111 3.36 3.38733
17.8533 15.9111 3.44 3.38733
17.8533 15.9111 3.52 3.29717
17.928 15.9858 3.6 3.10127
17.928 16.0605 3.68 3.28361
17.928 16.1352 3.76 3.16855
18.0027 16.0605 3.84 3.16855
18.0774 16.1352 3.92 3.0986
18.0774 16.2099 4 3.07923
18.1521 16.2099 4.08 3.07923
18.2268 16.2099 4.16 3.0647
18.3015 16.2846 4.24 3.06834
18.3015 16.3593 4.32 3.0647
18.3762 16.3593 4.4 3.0647
18.3762 16.434 4.48 2.95356
18.4509 16.434 4.56 2.88087
18.4509 16.5087 4.64 2.88087
18.5256 16.5834 4.72 2.88087
18.6003 16.6581 4.8 2.85428
18.675 16.6581 4.88 2.86144
18.675 16.7328 4.96 2.88087
18.7497 16.8075 5.04 2.8338
18.8244 16.8822 5.12 2.7548
18.8244 16.8822 5.2 2.75134
18.8991 16.9569 5.28 2.74669
18.9738 17.0316 5.36 2.74669
18.9738 17.0316 5.44 2.74669
19.0485 17.1063 5.52 2.74669
19.1232 17.1063 5.6 2.75134
19.1979 17.181 5.68 2.74669
3 15
19.1979 17.181 5.68 2.74669
19.2726 17.2557 5.68 2.84579
19.3473 17.3304 5.76 2.74669
19.422 17.4051 5.76 2.64316
19.4967 17.4798 5.84 2.64316
19.5714 17.5545 5.92 2.54419
19.6461 17.5545 5.92 2.64316
19.7208 17.6292 6 2.55552
19.7955 17.7039 6 2.63113
19.8702 17.7786 6.08 2.5354
19.9449 17.7786 6.08 2.62689
20.0196 17.8533 6.16 2.62689
20.0943 17.928 6.24 2.62689
20.169 18.0027 6.24 2.62689
20.2437 18.0774 6.32 2.42605
4 49
19.1979 17.181 5.68 2.74669
19.1232 17.181 5.76 2.64316
19.1232 17.181 5.84 2.6503
19.0485 17.1063 5.92 2.55689
19.0485 17.1063 6 2.30386
18.9738 17.1063 6.08 2.17443
18.9738 17.0316 6.16 2.20688
18.8991 17.1063 6.24 1.91196
18.8244 17.1063 6.32 1.80949
18.7497 17.1063 6.4 1.77585
18.7497 17.0316 6.48 1.62006
18.675 17.0316 6.56 1.50254
18.675 17.0316 6.64 1.51101
18.675 17.0316 6.72 1.41476
18.675 16.9569 6.8 1.3774
18.675 16.9569 6.88 1.3774
18.675 17.0316 6.96 1.20993
18.6003 17.1063 7.04 1.1952
18.6003 17.1063 7.12 1.09366
18.675 17.1063 7.2 1.07734
18.675 17.1063 7.28 1.08916
18.675 17.1063 7.36 1.2677
18.675 17.1063 7.44 1.2677
18.675 17.181 7.52 1.1378
18.675 17.181 7.6 1.08765
18.675 17.181 7.68 1.16685
18.675 17.2557 7.76 1.16685
18.675 17.2557 7.84 1.16685
18.675 17.2557 7.92 1.16685
18.675 17.3304 8 1.16685
18.675 17.3304 8.08 1.16035
18.675 17.4051 8.16 1.07734
18.6003 17.4051 8.24 1.16685
18.6003 17.4051 8.32 1.16685
18.5256 17.4798 8.4 1.0703
18.4509 17.4798 8.48 1.06847
18.4509 17.5545 8.56 1.05642
18.3762 17.5545 8.64 1.09454
18.3015 17.5545 8.72 1.09454
18.2268 17.5545 8.8 1.05642
18.1521 17.6292 8.88 0.994952
18.0774 17.7039 8.96 1.09454
18.0027 17.7039 9.04 1.06012
17.928 17.7039 9.12 0.983671
17.8533 17.7039 9.12 0.971932
17.7786 17.7786 9.12 0.983671
17.7039 17.7786 9.2 0.998562
17.6292 17.8533 9.2 0.871144
17.5545 17.8533 9.28 0.983671
5 21
20.2437 18.0774 6.32 2.42605
20.2437 18.1521 6.24 2.43206
20.3184 18.2268 6.24 2.42645
20.3931 18.3015 6.32 2.43206
20.4678 18.3762 6.32 2.41261
20.4678 18.4509 6.32 2.32412
20.5425 18.5256 6.4 2.24392
20.6172 18.6003 6.48 2.21007
20.6172 18.675 6.48 2.32412
20.6919 18.7497 6.56 2.19144
20.7666 18.8244 6.56 2.40798
20.8413 18.8991 6.56 2.40798
20.916 18.9738 6.64 2.31343
20.9907 19.0485 6.64 2.344
21.0654 19.1232 6.72 2.40798
21.1401 19.1979 6.72 2.41261
21.1401 19.2726 6.72 2.40465
21.2148 19.3473 6.8 2.52728
21.2148 19.422 6.8 2.51232
21.2895 19.4967 6.8 2.43206
21.2895 19.5714 6.88 2.51232
6 141
20.2437 18.0774 6.32 2.42605
20.2437 18.0774 6.4 2.32786
20.169 18.0027 6.48 2.20791
20.169 17.928 6.56 2.08996
20.169 17.928 6.64 1.97016
20.169 17.928 6.72 1.87139
20.169 17.8533 6.8 1.75126
20.2437 17.7786 6.88 1.59018
20.3184 17.7039 6.96 1.41961
20.3931 17.6292 7.04 1.21072
20.4678 17.5545 7.12 1.09454
20.5425 17.5545 7.2 0.983671
20.5425 17.5545 7.28 0.887924
20.6172 17.5545 7.36 0.875629
20.6919 17.5545 7.44 0.780926
20.7666 17.5545 7.52 0.721502
20.7666 17.6292 7.6 0.721502
20.8413 17.6292 7.68 0.710047
20.7666 17.7039 7.76 0.710047
20.8413 17.7039 7.84 0.710047
20.916 17.7039 7.92 0.721502
20.916 17.7786 8 0.710047
20.9907 17.8533 8.08 0.636432
20.9907 17.8533 8.16 0.710047
21.0654 17.928 8.24 0.673501
21.0654 17.928 8.32 0.673501
21.0654 18.0027 8.4 0.633851
21.1401 18.0027 8.48 0.633851
21.1401 18.0774 8.56 0.673501
21.1401 18.1521 8.64 0.639502
21.2148 18.2268 8.72 0.656722
21.2148 18.2268 8.8 0.570617
21.2148 18.3015 8.88 0.656722
21.2148 18.3762 8.96 0.633851
21.2148 18.3762 9.04 0.550712
21.2895 18.4509 9.12 0.561929
21.2895 18.5256 9.2 0.615992
21.2895 18.5256 9.28 0.656722
21.2895 18.6003 9.36 0.5976
21.2895 18.675 9.44 0.538669
21.2895 18.675 9.52 0.538669
21.3642 18.675 9.6 0.498802
21.3642 18.7497 9.68 0.550712
21.3642 18.7497 9.76 0.633851
21.3642 18.8244 9.84 0.538669
21.3642 18.8244 9.92 0.633851
21.3642 18.8244 10 0.538669
21.4389 18.8991 10.08 0.633851
21.4389 18.8991 10.16 0.633851
21.4389 18.8991 10.24 0.633851
21.5136 18.9738 10.32 0.472444
21.5136 18.9738 10.4 0.498802
21.4389 18.9738 10.48 0.538669
21.4389 18.9738 10.56 0.538669
21.4389 18.9738 10.64 0.472444
21.4389 19.0485 10.72 0.538669
21.4389 19.0485 10.8 0.538669
21.4389 19.0485 10.88 0.561929
21.4389 19.1232 10.96 0.633851
21.4389 19.1232 11.04 0.538669
21.4389 19.1232 11.12 0.538669
21.5136 19.1979 11.2 0.633851
21.5136 19.1979 11.28 0.561929
21.5136 19.2726 11.36 0.633851
21.5136 19.2726 11.44 0.538669
21.5136 19.2726 11.52 0.538669
21.5136 19.2726 11.6 0.538669
21.5136 19.2726 11.68 0.538669
21.5136 19.3473 11.76 0.498802
21.5136 19.3473 11.84 0.570617
21.5136 19.3473 11.92 0.498802
21.5136 19.422 12 0.633851
21.5136 19.422 12.08 0.5976
21.5136 19.4967 12.16 0.633851
21.5136 19.4967 12.24 0.633851
21.5136 19.4967 12.32 0.633851
21.5136 19.5714 12.4 0.633851
21.5136 19.5714 12.48 0.550712
21.5883 19.6461 12.56 0.538669
21.5883 19.6461 12.64 0.561929
21.5883 19.6461 12.72 0.538669
21.5883 19.6461 12.8 0.538669
21.5883 19.7208 12.88 0.633851
21.5883 19.7208 12.96 0.561929
21.5883 19.7955 13.04 0.5976
21.5883 19.7955 13.12 0.633851
21.5883 19.7955 13.2 0.633851
21.5883 19.7955 13.28 0.633851
21.5883 19.8702 13.36 0.633851
21.5883 19.8702 13.44 0.633851
21.5883 19.8702 13.52 0.633851
21.5883 19.8702 13.6 0.633851
21.5883 19.8702 13.68 0.538669
21.5883 19.8702 13.76 0.538669
21.5883 19.9449 13.84 0.633851
21.5883 19.9449 13.92 0.633851
21.5883 19.9449 14 0.633851
21.5883 19.9449 14.08 0.633851
21.5883 19.9449 14.16 0.633851
21.5883 19.9449 14.24 0.633851
21.5883 19.9449 14.32 0.633851
21.5883 19.9449 14.4 0.653733
21.5883 19.9449 14.48 0.633851
21.5883 19.9449 14.56 0.633851
21.5883 19.9449 14.64 0.633851
21.5883 19.9449 14.72 0.5976
21.5883 19.9449 14.8 0.633851
21.5883 19.9449 14.88 0.633851
21.5883 19.9449 14.96 0.538669
21.5136 19.9449 15.04 0.538669
21.5136 19.9449 15.12 0.538669
21.5883 19.8702 15.2 0.538669
21.5136 19.8702 15.28 0.561929
21.5136 19.8702 15.36 0.5976
21.5136 19.8702 15.44 0.633851
21.5136 19.8702 15.52 0.633851
21.5136 19.7955 15.6 0.633851
21.5136 19.7955 15.68 0.633851
21.5136 19.7955 15.76 0.633851
21.5136 19.7208 15.84 0.633851
21.5136 19.7208 15.92 0.633851
21.5136 19.7208 16 0.561929
21.5136 19.6461 16.08 0.633851
21.5136 19.6461 16.16 0.633851
21.5136 19.6461 16.24 0.561929
21.5136 19.5714 16.32 0.5976
21.4389 19.5714 16.4 0.633851
21.4389 19.5714 16.48 0.633851
21.5136 19.4967 16.56 0.656722
21.5136 19.4967 16.64 0.656722
21.5136 19.422 16.72 0.656722
21.5136 19.422 16.8 0.618648
21.5136 19.422 16.88 0.5976
21.5136 19.3473 16.96 0.633851
21.5136 19.3473 17.04 0.633851
21.5136 19.3473 17.12 0.633851
21.5136 19.2726 17.2 0.653733
21.5136 19.2726 17.28 0.633851
21.5136 19.1979 17.36 0.5976
21.5136 19.1979 17.44 0.5976
21.5136 19.1232 17.52 0.5976
7 28
17.4798 17.928 9.28 0.983671
17.4051 18.0027 9.2 0.903688
17.4051 18.0774 9.2 0.888283
17.3304 18.1521 9.2 0.781334
17.2557 18.2268 9.2 0.721943
17.2557 18.3015 9.2 0.781334
17.181 18.3762 9.2 0.706315
17.181 18.4509 9.2 0.721943
17.1063 18.5256 9.2 0.795089
17.1063 18.6003 9.2 0.8
17.0316 18.675 9.2 0.747
17.0316 18.7497 9.2 0.8
16.9569 18.8244 9.2 0.766502
16.9569 18.8991 9.2 0.766502
16.9569 18.9738 9.28 0.781334
16.9569 19.0485 9.28 0.781334
16.9569 19.1232 9.36 0.795089
16.8822 19.1979 9.44 0.79549
16.8075 19.2726 9.52 0.766502
16.8075 19.3473 9.6 0.875629
16.8822 19.422 9.6 0.875629
16.8075 19.4967 9.68 0.875629
16.8075 19.5714 9.76 0.875629
16.8075 19.6461 9.84 0.875629
16.7328 19.6461 9.92 0.860146
16.7328 19.7208 10 0.925207
16.7328 19.7208 10.08 0.812656
16.6581 19.7955 10.16 0.925207
8 106
17.4798 17.8533 9.36 0.956627
17.4798 17.8533 9.44 0.888283
17.4051 17.8533 9.52 0.845134
17.4051 17.928 9.6 0.668137
17.3304 17.928 9.68 0.653733
17.2557 17.928 9.76 0.656722
17.181 17.928 9.84 0.584809
17.1063 18.0027 9.92 0.656722
17.0316 18.0027 10 0.633851
17.0316 18.0027 10.08 0.550712
16.9569 18.0774 10.16 0.633851
16.8822 18.1521 10.24 0.633851
16.8822 18.1521 10.32 0.565404
16.8075 18.2268 10.4 0.538669
16.8075 18.2268 10.48 0.475903
16.7328 18.2268 10.56 0.633851
16.7328 18.3015 10.64 0.538669
16.7328 18.3015 10.72 0.565404
16.6581 18.3762 10.8 0.530059
16.6581 18.3762 10.88 0.538669
16.6581 18.4509 10.96 0.530059
16.6581 18.5256 11.04 0.538669
16.6581 18.6003 11.12 0.633851
16.6581 18.6003 11.2 0.633851
16.6581 18.675 11.28 0.561929
16.6581 18.7497 11.36 0.633851
16.6581 18.8244 11.44 0.550712
16.7328 18.8244 11.52 0.498802
16.7328 18.8991 11.6 0.570617
16.7328 18.9738 11.68 0.538669
16.8075 19.0485 11.76 0.565404
16.8075 19.0485 11.84 0.538669
16.8075 19.1232 11.92 0.561929
16.8075 19.1232 12 0.550712
16.8822 19.1979 12.08 0.633851
16.8822 19.1979 12.16 0.570617
16.9569 19.2726 12.24 0.633851
16.9569 19.2726 12.32 0.570617
16.9569 19.3473 12.4 0.561929
16.9569 19.3473 12.48 0.538669
17.0316 19.422 12.56 0.633851
17.0316 19.422 12.64 0.633851
17.0316 19.422 12.72 0.633851
17.1063 19.4967 12.8 0.633851
17.1063 19.4967 12.88 0.633851
17.1063 19.4967 12.96 0.561929
17.1063 19.4967 13.04 0.538669
17.1063 19.4967 13.12 0.538669
17.1063 19.5714 13.2 0.633851
17.1063 19.5714 13.28 0.633851
17.1063 19.5714 13.36 0.538669
17.1063 19.5714 13.44 0.538669
17.181 19.6461 13.52 0.538669
17.181 19.6461 13.6 0.633851
17.181 19.6461 13.68 0.633851
17.181 19.6461 13.76 0.5976
17.181 19.6461 13.84 0.538669
17.181 19.5714 13.92 0.561929
17.181 19.5714 14 0.633851
17.181 19.5714 14.08 0.538669
17.181 19.5714 14.16 0.538669
17.181 19.5714 14.24 0.633851
17.181 19.5714 14.32 0.5976
17.181 19.5714 14.4 0.5976
17.181 19.5714 14.48 0.561929
17.1063 19.5714 14.56 0.633851
17.1063 19.5714 14.64 0.633851
17.1063 19.5714 14.72 0.633851
17.1063 19.4967 14.8 0.561929
17.1063 19.4967 14.88 0.633851
17.1063 19.4967 14.96 0.633851
17.1063 19.4967 15.04 0.633851
17.1063 19.4967 15.12 0.538669
17.0316 19.4967 15.2 0.538669
17.0316 19.422 15.28 0.561929
17.0316 19.422 15.36 0.633851
17.0316 19.422 15.44 0.5976
17.0316 19.422 15.52 0.561929
17.0316 19.3473 15.6 0.633851
17.0316 19.3473 15.68 0.633851
17.0316 19.3473 15.76 0.633851
17.0316 19.2726 15.84 0.633851
17.0316 19.2726 15.92 0.633851
16.9569 19.2726 16 0.633851
16.9569 19.2726 16.08 0.633851
16.9569 19.2726 16.16 0.5976
16.9569 19.2726 16.24 0.5976
16.9569 19.1979 16.32 0.633851
16.9569 19.1979 16.4 0.633851
16.8822 19.1979 16.48 0.633851
16.8822 19.1979 16.56 0.5976
16.8822 19.1979 16.64 0.633851
16.8822 19.1979 16.72 0.633851
16.8822 19.1979 16.8 0.633851
16.8075 19.1979 16.88 0.653733
16.8075 19.1979 16.96 0.710047
16.8075 19.1232 17.04 0.795089
16.8075 19.1232 17.12 0.747
16.7328 19.1232 17.2 0.845134
16.7328 19.1232 17.28 0.845134
16.6581 19.1232 17.36 0.860146
16.6581 19.1232 17.44 0.903688
16.6581 19.1232 17.52 0.971932
16.5834 19.1232 17.6 0.983671
16.5834 19.1232 17.68 0.969915
16.5087 19.1232 17.76 1.06012
9 88
21.8124 22.7835 1.44 2.32412
21.8124 22.7835 1.52 2.32412
21.8124 22.7835 1.6 2.32412
21.8124 22.7835 1.68 2.32412
21.8871 22.8582 1.76 2.32412
21.8871 22.8582 1.84 2.32412
21.8871 22.8582 1.92 2.32412
21.8124 22.8582 2 2.32412
21.8124 22.8582 2.08 2.32962
21.8124 22.8582 2.16 2.32412
21.8871 22.9329 2.24 2.32412
21.8871 22.9329 2.32 2.32412
21.8871 22.9329 2.4 2.32412
21.8871 22.9329 2.48 2.32412
21.8871 22.9329 2.56 2.32962
21.8871 22.9329 2.64 2.32412
21.8124 22.8582 2.72 2.32962
21.8871 22.9329 2.8 2.32962
21.8871 22.9329 2.88 2.34604
21.8871 22.9329 2.96 2.32962
21.8871 22.9329 3.04 2.32412
21.9618 22.9329 3.12 2.32412
21.9618 22.9329 3.2 2.32412
21.8871 22.8582 3.28 2.32412
21.8871 22.8582 3.36 2.32412
21.9618 22.9329 3.44 2.32962
21.9618 22.9329 3.52 2.32962
22.0365 22.9329 3.6 2.32412
22.0365 22.9329 3.68 2.32412
22.0365 22.9329 3.76 2.32412
21.9618 22.8582 3.84 2.32962
21.9618 22.8582 3.92 2.32412
22.0365 22.8582 4 2.32962
22.0365 22.8582 4.08 2.32071
21.9618 22.7835 4.16 2.32962
22.0365 22.7835 4.24 2.32071
22.0365 22.7835 4.32 2.25922
22.1112 22.7835 4.4 2.32412
22.0365 22.7088 4.48 2.32962
22.0365 22.7088 4.56 2.241
22.1112 22.7088 4.64 2.32962
22.0365 22.6341 4.72 2.32962
22.1112 22.6341 4.8 2.25922
22.0365 22.5594 4.88 2.24392
22.1112 22.5594 4.96 2.38527
22.0365 22.4847 5.04 2.32412
22.0365 22.41 5.12 2.20285
22.1112 22.41 5.2 2.29951
22.1112 22.41 5.28 2.40798
22.1112 22.3353 5.36 2.40798
22.1112 22.2606 5.44 2.29364
22.1112 22.2606 5.52 2.2205
22.0365 22.1859 5.6 2.29364
22.0365 22.1112 5.68 2.3086
22.0365 22.0365 5.76 2.29364
22.0365 21.9618 5.84 2.29364
22.0365 21.8871 5.92 2.29364
22.0365 21.8124 6 2.3086
22.0365 21.7377 6.08 2.3086
22.0365 21.663 6.08 2.30436
22.0365 21.5883 6.16 2.23053
21.9618 21.5136 6.24 2.30436
21.9618 21.4389 6.24 2.21945
21.9618 21.3642 6.32 2.40798
21.9618 21.2895 6.32 2.26918
21.9618 21.2148 6.4 2.31343
21.9618 21.1401 6.4 2.40798
21.9618 21.0654 6.4 2.2985
21.8871 20.9907 6.48 2.29364
21.8871 20.916 6.56 2.40798
21.8871 20.8413 6.56 2.40798
21.8871 20.7666 6.56 2.40798
21.8871 20.6919 6.56 2.40798
21.8871 20.6172 6.56 2.40798
21.8124 20.5425 6.64 2.31343
21.7377 20.4678 6.64 2.43278
21.7377 20.3931 6.64 2.43278
21.7377 20.3184 6.64 2.40294
21.7377 20.2437 6.64 2.4
21.663 20.169 6.72 2.40798
21.5883 20.0943 6.72 2.41261
21.5883 20.0196 6.72 2.4
21.5136 19.9449 6.72 2.4
21.4389 19.8702 6.8 2.43278
21.3642 19.7955 6.8 2.3655
21.3642 19.7208 6.8 2.42605
21.3642 19.6461 6.8 2.52728
21.2895 19.5714 6.88 2.51232
10 43
21.2895 19.5714 6.88 2.51232
21.2895 19.5714 6.96 2.40798
21.2895 19.4967 7.04 2.29364
21.2895 19.4967 7.12 2.19416
21.2895 19.4967 7.2 2.0027
21.2895 19.4967 7.28 1.87734
21.2895 19.4967 7.36 1.75762
21.2895 19.4967 7.44 1.59655
21.2895 19.5714 7.52 1.49902
21.2895 19.5714 7.6 1.42745
21.3642 19.5714 7.68 1.26172
21.3642 19.5714 7.76 1.20993
21.3642 19.5714 7.84 1.17777
21.3642 19.5714 7.92 1.16685
21.3642 19.5714 8 1.16685
21.3642 19.5714 8.08 1.16685
21.2895 19.6461 8.16 1.05797
21.3642 19.6461 8.24 1.10382
21.3642 19.6461 8.32 1.10142
21.3642 19.7208 8.4 1.10142
21.3642 19.7208 8.48 1.0703
21.3642 19.7955 8.56 1.10382
21.3642 19.7955 8.64 1.06847
21.3642 19.8702 8.72 1.05642
21.3642 19.8702 8.8 1.06847
21.3642 19.8702 8.88 1.05642
21.3642 19.8702 8.96 1.05642
21.3642 19.8702 9.04 1.05642
21.2895 19.9449 9.12 1.05642
21.2895 19.9449 9.2 0.956627
21.2895 19.9449 9.28 0.956627
21.2895 19.9449 9.36 0.983671
21.2895 19.9449 9.44 0.887924
21.2148 19.9449 9.52 0.8964
21.2148 19.9449 9.6 0.8964
21.2148 19.9449 9.68 0.903688
21.2148 19.9449 9.76 0.860146
21.2148 20.0196 9.84 0.761793
21.2148 20.0196 9.92 0.778415
21.2148 20.0196 10 0.804544
21.2148 20.0196 10.08 0.903688
21.2148 20.0196 10.16 0.860146
21.2148 20.0943 10.24 0.860146
11 107
21.5136 19.1232 17.52 0.5976
21.5136 19.0485 17.52 0.5976
21.5136 18.9738 17.52 0.530059
21.5136 18.8991 17.52 0.437814
21.4389 18.8244 17.6 0.437814
21.4389 18.7497 17.68 0.353158
21.5136 18.675 17.76 0.338942
21.5883 18.6003 17.84 0.338942
21.663 18.6003 17.92 0.334069
21.663 18.6003 18 0.334069
21.663 18.6003 18.08 0.334069
21.7377 18.675 18.16 0.2988
21.7377 18.675 18.24 0.2988
21.7377 18.675 18.32 0.2988
21.8124 18.675 18.4 0.2988
21.8124 18.675 18.48 0.334069
21.8871 18.7497 18.56 0.2988
21.9618 18.7497 18.64 0.334069
21.9618 18.7497 18.72 0.338942
21.9618 18.8244 18.8 0.2988
22.0365 18.8244 18.88 0.338942
22.0365 18.8244 18.96 0.334069
22.0365 18.8991 19.04 0.334069
22.0365 18.9738 19.12 0.338942
22.1112 18.9738 19.2 0.422567
22.1859 19.0485 19.28 0.422567
22.1859 19.0485 19.36 0.422567
22.2606 19.1232 19.44 0.2988
22.3353 19.1232 19.52 0.26503
22.3353 19.1232 19.6 0.2988
22.41 19.1232 19.68 0.26503
22.41 19.1232 19.76 0.2988
22.41 19.1232 19.84 0.26503
22.41 19.0485 19.92 0.26503
22.41 19.0485 20 0.26503
22.41 18.9738 20.08 0.2988
22.41 18.8991 20.16 0.334069
22.41 18.8244 20.24 0.26503
22.4847 18.7497 20.24 0.353158
22.5594 18.675 20.32 0.26503
22.6341 18.6003 20.32 0.32
22.7088 18.6003 20.32 0.26503
22.7835 18.5256 20.32 0.2988
22.8582 18.5256 20.32 0.32
22.9329 18.5256 20.32 0.32
23.0076 18.5256 20.32 0.32
23.0823 18.5256 20.32 0.32
23.157 18.5256 20.32 0.2988
23.2317 18.5256 20.32 0.2988
23.3064 18.6003 20.32 0.26503
23.3811 18.6003 20.32 0.218907
23.4558 18.6003 20.32 0.26503
23.5305 18.6003 20.32 0.32
23.6052 18.6003 20.32 0.26503
23.6799 18.675 20.4 0.26503
23.7546 18.675 20.4 0.2988
23.8293 18.7497 20.4 0.26503
23.904 18.7497 20.48 0.26503
23.9787 18.8244 20.56 0.26503
24.0534 18.8244 20.64 0.334069
24.0534 18.8991 20.72 0.2988
24.1281 18.8244 20.8 0.2988
24.1281 18.8991 20.88 0.2988
24.1281 18.8991 20.96 0.26503
24.0534 18.8991 21.04 0.2988
24.0534 18.8991 21.12 0.2988
24.0534 18.8991 21.2 0.26503
23.9787 18.8991 21.28 0.2988
23.9787 18.8991 21.36 0.26503
23.904 18.8244 21.44 0.2988
23.8293 18.8244 21.52 0.338942
23.8293 18.8244 21.6 0.26503
23.7546 18.7497 21.68 0.2988
23.7546 18.7497 21.76 0.26503
23.7546 18.675 21.84 0.26503
23.6799 18.675 21.92 0.2988
23.6052 18.6003 22 0.338942
23.6052 18.5256 22 0.32
23.5305 18.4509 22.08 0.26503
23.5305 18.3762 22.08 0.218907
23.4558 18.3015 22.08 0.218907
23.3811 18.2268 22 0.26503
23.3064 18.2268 22 0.218907
23.2317 18.1521 21.92 0.218907
23.157 18.0774 21.92 0.26503
23.0823 18.0774 21.92 0.218907
23.0076 18.0774 21.92 0.16
22.9329 18.0774 21.92 0.1494
22.8582 18.0027 21.84 0.16
22.7835 18.0027 21.84 0.16
22.7088 18.0027 21.84 0.16
22.6341 18.0027 21.84 0.16
22.5594 18.0027 21.84 0.16
22.4847 17.928 21.92 0.16
22.41 17.8533 21.92 0.1494
22.3353 17.7786 21.92 0.1494
22.2606 17.7039 21.92 0.1494
22.1859 17.6292 21.92 0.1494
22.1112 17.5545 21.92 0.16
22.0365 17.4798 21.92 0.16
21.9618 17.4051 21.92 0.218907
21.9618 17.3304 21.92 0.218907
21.9618 17.2557 22 0.16
21.8871 17.181 22 0.218907
21.8124 17.1063 22 0.218907
21.7377 17.0316 22 0.218907
21.663 17.0316 22 0.16
12 91
21.5136 19.1232 17.52 0.5976
21.5883 19.1979 17.6 0.633851
21.5883 19.1979 17.68 0.633851
21.5883 19.1979 17.76 0.633851
21.663 19.1979 17.84 0.653733
21.7377 19.1979 17.92 0.5976
21.7377 19.2726 18 0.656722
21.8124 19.3473 18.08 0.710047
21.8871 19.422 18.16 0.795089
21.9618 19.4967 18.24 0.747
22.0365 19.5714 18.32 0.747
22.0365 19.5714 18.4 0.795089
22.1112 19.6461 18.48 0.795089
22.1112 19.6461 18.56 0.795089
22.1859 19.7208 18.64 0.747
22.1859 19.7955 18.72 0.795089
22.2606 19.7955 18.8 0.795089
22.2606 19.8702 18.88 0.673501
22.3353 19.8702 18.96 0.656722
22.41 19.8702 19.04 0.550712
22.4847 19.9449 19.12 0.550712
22.5594 20.0196 19.2 0.462603
22.6341 20.0196 19.28 0.530059
22.7088 20.0943 19.36 0.437814
22.7835 20.169 19.44 0.437814
22.8582 20.169 19.44 0.437814
22.9329 20.2437 19.52 0.437814
23.0076 20.2437 19.52 0.383459
23.0823 20.2437 19.6 0.353158
23.157 20.3184 19.68 0.353158
23.2317 20.3184 19.68 0.437814
23.3064 20.3184 19.76 0.383459
23.3811 20.2437 19.76 0.383459
23.4558 20.2437 19.84 0.370408
23.5305 20.169 19.84 0.422567
23.6052 20.169 19.92 0.370408
23.6799 20.0943 20 0.422567
23.7546 20.0196 20.08 0.370408
23.8293 20.0196 20.16 0.353158
23.904 19.9449 20.24 0.422567
23.9787 19.9449 20.32 0.422567
23.9787 19.9449 20.4 0.422567
23.9787 19.9449 20.48 0.422567
23.9787 19.9449 20.56 0.451844
23.9787 20.0196 20.64 0.462603
23.904 20.0943 20.72 0.451844
23.8293 20.169 20.72 0.437814
23.7546 20.2437 20.72 0.353158
23.6799 20.3184 20.64 0.383459
23.6052 20.2437 20.64 0.370408
23.5305 20.3184 20.56 0.437814
23.4558 20.3184 20.56 0.370408
23.3811 20.3184 20.48 0.370408
23.3064 20.2437 20.4 0.437814
23.2317 20.2437 20.4 0.338942
23.157 20.2437 20.32 0.338942
23.0823 20.169 20.24 0.353158
23.0076 20.169 20.16 0.334069
22.9329 20.0943 20.16 0.338942
22.8582 20.0196 20.08 0.353158
22.7835 19.9449 20.08 0.32
22.7088 19.9449 20 0.353158
22.6341 19.8702 20 0.32
22.5594 19.8702 19.92 0.353158
22.4847 19.7955 19.92 0.353158
22.41 19.7208 19.84 0.422567
22.3353 19.6461 19.84 0.437814
22.2606 19.6461 19.84 0.437814
22.1859 19.5714 19.84 0.437814
22.1112 19.4967 19.92 0.383459
22.0365 19.422 19.92 0.437814
22.0365 19.3473 20 0.437814
21.9618 19.2726 20.08 0.437814
21.8871 19.1979 20.16 0.437814
21.8124 19.1232 20.24 0.437814
21.8124 19.1232 20.32 0.451844
21.7377 19.0485 20.4 0.422567
21.7377 19.0485 20.48 0.451844
21.7377 19.0485 20.56 0.422567
21.663 18.9738 20.64 0.422567
21.663 18.9738 20.72 0.422567
21.663 18.9738 20.8 0.422567
21.663 18.8991 20.88 0.422567
21.663 18.8991 20.96 0.422567
21.663 18.8991 21.04 0.422567
21.663 18.8991 21.12 0.422567
21.663 18.8991 21.2 0.422567
21.663 18.8991 21.28 0.422567
21.663 18.8244 21.36 0.422567
21.663 18.8244 21.44 0.422567
21.663 18.8244 21.52 0.422567
13 109
8.5158 18.5256 9.52 0.502713
8.5905 18.5256 9.6 0.502713
8.6652 18.5256 9.6 0.502713
8.7399 18.4509 9.68 0.48
8.8146 18.4509 9.68 0.502713
8.8893 18.4509 9.68 0.502713
8.964 18.3762 9.76 0.530059
9.0387 18.3762 9.76 0.530059
9.1134 18.3762 9.84 0.48
9.1881 18.3762 9.84 0.502713
9.2628 18.3762 9.84 0.462603
9.3375 18.3762 9.92 0.462603
9.4122 18.3015 9.92 0.472444
9.4869 18.3015 9.92 0.472444
9.5616 18.3015 9.92 0.4482
9.6363 18.3015 10 0.48
9.711 18.2268 10 0.530059
9.7857 18.2268 10 0.498802
9.8604 18.2268 10 0.550712
9.9351 18.2268 10 0.565404
10.0098 18.2268 10 0.584809
10.0845 18.2268 10 0.656722
10.1592 18.2268 10 0.656722
10.2339 18.2268 10.08 0.550712
10.3086 18.2268 10.08 0.550712
10.3833 18.2268 10.08 0.550712
10.458 18.2268 10.08 0.550712
10.5327 18.2268 10.08 0.550712
10.6074 18.2268 10.08 0.550712
10.6821 18.2268 10.08 0.550712
10.7568 18.2268 10.08 0.550712
10.8315 18.3015 10.08 0.565404
10.9062 18.3015 10.08 0.502713
10.9809 18.3015 10.08 0.48
11.0556 18.3015 10.08 0.48
11.1303 18.3015 10.08 0.48
11.205 18.3762 10 0.502713
11.2797 18.3762 10 0.565404
11.3544 18.3762 10 0.502713
11.4291 18.3762 10 0.48
11.5038 18.4509 10 0.48
11.5785 18.4509 9.92 0.48
11.6532 18.4509 9.92 0.48
11.7279 18.4509 9.92 0.48
11.8026 18.5256 10 0.48
11.8773 18.5256 10 0.48
11.952 18.6003 10 0.48
12.0267 18.6003 9.92 0.48
12.1014 18.6003 9.92 0.48
12.1761 18.675 9.92 0.48
12.2508 18.675 9.92 0.48
12.3255 18.7497 9.92 0.48
12.4002 18.7497 9.92 0.48
12.4749 18.8244 9.92 0.462603
12.5496 18.8244 9.92 0.48
12.6243 18.8991 9.92 0.48
12.699 18.8991 10 0.502713
12.7737 18.9738 10 0.502713
12.8484 19.0485 10 0.565404
12.9231 19.1232 10 0.584809
12.9978 19.1232 10.08 0.565404
13.0725 19.1979 10.08 0.538669
13.1472 19.2726 10.08 0.538669
13.2219 19.3473 10.08 0.538669
13.2966 19.422 10.08 0.538669
13.3713 19.422 10.16 0.524443
13.446 19.4967 10.16 0.565404
13.5207 19.5714 10.24 0.550712
13.5954 19.6461 10.24 0.538669
13.6701 19.6461 10.24 0.633851
13.7448 19.7208 10.32 0.656722
13.8195 19.7208 10.4 0.565404
13.8942 19.7208 10.4 0.538669
13.9689 19.7955 10.4 0.561929
14.0436 19.7955 10.4 0.538669
14.1183 19.8702 10.4 0.584809
14.193 19.9449 10.48 0.584809
14.2677 20.0196 10.48 0.524443
14.3424 20.0943 10.56 0.565404
14.4171 20.0943 10.56 0.565404
14.4918 20.0943 10.56 0.565404
14.5665 20.169 10.64 0.550712
14.6412 20.169 10.64 0.498802
14.7159 20.169 10.64 0.475903
14.7906 20.169 10.64 0.475903
14.8653 20.169 10.72 0.472444
14.94 20.2437 10.8 0.565404
15.0147 20.2437 10.8 0.565404
15.0894 20.3184 10.88 0.475903
15.1641 20.2437 10.8 0.656722
15.2388 20.2437 10.8 0.656722
15.3135 20.2437 10.88 0.656722
15.3882 20.2437 10.88 0.656722
15.4629 20.2437 10.88 0.656722
15.5376 20.2437 10.88 0.656722
15.6123 20.2437 10.88 0.656722
15.687 20.2437 10.88 0.656722
15.7617 20.2437 10.8 0.64
15.8364 20.2437 10.8 0.657206
15.9111 20.2437 10.8 0.656722
15.9858 20.169 10.72 0.673501
16.0605 20.169 10.64 0.673501
16.1352 20.0943 10.56 0.747
16.2099 20.0943 10.48 0.766502
16.2846 20.0196 10.4 0.875629
16.3593 19.9449 10.32 0.925207
16.434 19.8702 10.32 0.925207
16.5087 19.8702 10.24 0.983671
16.5834 19.8702 10.24 0.925207
14 228
16.6581 19.8702 10.24 0.888283
16.7328 19.8702 10.32 0.706315
16.8075 19.9449 10.4 0.502713
16.8822 19.9449 10.48 0.383459
16.9569 20.0196 10.56 0.26503
17.0316 20.0943 10.64 0.211284
17.0316 20.0943 10.72 0.26503
17.0316 20.169 10.8 0.26503
17.0316 20.2437 10.88 0.211284
17.0316 20.2437 10.96 0.211284
17.0316 20.3184 11.04 0.218907
17.0316 20.3184 11.12 0.2988
17.0316 20.3931 11.2 0.26503
17.0316 20.3931 11.28 0.26503
16.9569 20.4678 11.36 0.26503
16.9569 20.4678 11.44 0.2988
16.9569 20.5425 11.52 0.2988
16.9569 20.5425 11.6 0.26503
16.9569 20.6172 11.68 0.211284
16.9569 20.6172 11.76 0.26503
16.9569 20.6172 11.84 0.2988
16.9569 20.6172 11.92 0.2988
16.9569 20.6172 12 0.2988
17.0316 20.6919 12.08 0.2988
17.0316 20.6919 12.16 0.2988
17.0316 20.6919 12.24 0.26503
17.1063 20.7666 12.32 0.353158
17.181 20.7666 12.4 0.2988
17.181 20.8413 12.48 0.2988
17.2557 20.916 12.56 0.334069
17.3304 20.9907 12.64 0.26503
17.3304 20.916 12.72 0.26503
17.3304 20.9907 12.8 0.26503
17.4051 20.9907 12.88 0.26503
17.4798 21.0654 12.96 0.2988
17.4798 21.1401 13.04 0.2988
17.4798 21.2148 13.12 0.2988
17.5545 21.2148 13.2 0.2988
17.5545 21.2148 13.28 0.2988
17.5545 21.2148 13.36 0.338942
17.5545 21.2895 13.44 0.2988
17.5545 21.2895 13.52 0.2988
17.6292 21.3642 13.6 0.218907
17.6292 21.3642 13.68 0.2988
17.5545 21.3642 13.76 0.2988
17.5545 21.3642 13.84 0.26503
17.6292 21.2895 13.92 0.2988
17.6292 21.3642 14 0.2988
17.6292 21.3642 14.08 0.334069
17.7039 21.3642 14.16 0.2988
17.7039 21.3642 14.24 0.353158
17.7039 21.2895 14.32 0.338942
17.7039 21.2895 14.4 0.2988
17.7039 21.2148 14.48 0.334069
17.7039 21.2148 14.56 0.2988
17.7039 21.2148 14.64 0.2988
17.7039 21.1401 14.72 0.2988
17.7039 21.1401 14.8 0.26503
17.7786 21.1401 14.88 0.26503
17.7786 21.0654 14.96 0.334069
17.8533 21.0654 15.04 0.2988
17.8533 21.0654 15.12 0.2988
17.928 20.9907 15.2 0.334069
18.0027 20.9907 15.28 0.32
18.0774 20.916 15.36 0.218907
18.0774 20.8413 15.44 0.218907
18.0027 20.7666 15.52 0.26503
17.928 20.7666 15.6 0.2988
17.8533 20.7666 15.68 0.26503
17.7786 20.6919 15.76 0.2988
17.7039 20.6919 15.84 0.334069
17.6292 20.6919 15.92 0.2988
17.5545 20.6172 16 0.2988
17.4798 20.6919 16.08 0.2988
17.4798 20.6919 16.16 0.2988
17.4798 20.6919 16.24 0.2988
17.5545 20.6919 16.32 0.338942
17.6292 20.6919 16.4 0.338942
17.7039 20.7666 16.48 0.26503
17.7786 20.7666 16.56 0.26503
17.8533 20.6919 16.64 0.26503
17.928 20.6919 16.72 0.211284
17.928 20.6919 16.8 0.26503
18.0027 20.6919 16.88 0.211284
18.0027 20.6172 16.96 0.334069
18.0027 20.6172 17.04 0.2988
18.0027 20.6172 17.12 0.2988
18.0027 20.6172 17.2 0.26503
18.0027 20.5425 17.28 0.2988
18.0027 20.4678 17.36 0.338942
18.0027 20.3931 17.44 0.2988
18.0027 20.3931 17.52 0.26503
18.0027 20.3184 17.6 0.26503
18.0027 20.2437 17.68 0.26503
18.0027 20.169 17.76 0.2988
18.0027 20.0943 17.84 0.2988
18.0027 20.0943 17.92 0.2988
18.0027 20.0943 18 0.334069
18.0027 20.0943 18.08 0.26503
18.0774 20.0196 18.16 0.26503
18.0774 20.0196 18.24 0.211284
18.1521 20.0943 18.32 0.218907
18.0774 20.0943 18.4 0.26503
18.0774 20.0943 18.48 0.211284
18.0774 20.0943 18.56 0.26503
18.0774 20.0943 18.64 0.26503
18.0774 20.0196 18.72 0.26503
18.0774 20.0196 18.8 0.26503
18.0027 20.0196 18.88 0.2988
18.0027 20.0943 18.96 0.2988
18.0027 20.0943 19.04 0.2988
18.0027 20.0943 19.12 0.2988
17.928 20.0943 19.2 0.26503
17.8533 20.0943 19.28 0.26503
17.7786 20.0943 19.36 0.218907
17.7039 20.0943 19.44 0.218907
17.6292 20.0943 19.44 0.218907
17.5545 20.169 19.44 0.218907
17.4798 20.169 19.44 0.218907
17.4051 20.2437 19.52 0.16
17.3304 20.2437 19.52 0.218907
17.2557 20.2437 19.52 0.218907
17.181 20.3184 19.52 0.218907
17.1063 20.3931 19.52 0.218907
17.0316 20.3931 19.44 0.26503
16.9569 20.4678 19.44 0.26503
16.8822 20.5425 19.36 0.32
16.8075 20.6172 19.36 0.32
16.8075 20.6919 19.36 0.26503
16.7328 20.7666 19.36 0.26503
16.6581 20.7666 19.36 0.338942
16.5834 20.7666 19.36 0.338942
16.5087 20.7666 19.44 0.437814
16.434 20.6919 19.52 0.334069
16.434 20.6172 19.6 0.2988
16.5087 20.5425 19.6 0.2988
16.5834 20.4678 19.68 0.26503
16.5834 20.3931 19.68 0.32
16.6581 20.3184 19.76 0.26503
16.7328 20.3184 19.76 0.26503
16.8075 20.2437 19.84 0.32
16.8822 20.2437 19.84 0.26503
16.9569 20.169 19.92 0.26503
16.9569 20.169 20 0.26503
17.0316 20.0943 20.08 0.334069
17.0316 20.0943 20.16 0.26503
17.0316 20.0196 20.24 0.2988
17.0316 20.0196 20.32 0.2988
17.0316 20.0196 20.4 0.2988
17.0316 20.0196 20.48 0.2988
17.0316 20.0196 20.56 0.2988
17.0316 20.0196 20.64 0.26503
16.9569 20.0196 20.72 0.26503
16.8822 20.0196 20.8 0.26503
16.8075 20.0943 20.88 0.26503
16.8075 20.0196 20.96 0.26503
16.7328 20.0943 21.04 0.26503
16.6581 20.0943 21.12 0.26503
16.5834 20.169 21.12 0.32
16.5087 20.2437 21.2 0.218907
16.434 20.3184 21.2 0.26503
16.3593 20.3931 21.28 0.26503
16.2846 20.4678 21.28 0.32
16.2099 20.5425 21.28 0.32
16.2099 20.6172 21.28 0.32
16.2099 20.6919 21.28 0.32
16.1352 20.7666 21.28 0.334069
16.1352 20.8413 21.28 0.338942
16.1352 20.916 21.28 0.338942
16.2099 20.9907 21.28 0.353158
16.2099 21.0654 21.28 0.334069
16.2846 21.1401 21.28 0.32
16.3593 21.2148 21.2 0.353158
16.434 21.2148 21.2 0.353158
16.5087 21.2895 21.2 0.32
16.5834 21.2895 21.12 0.353158
16.6581 21.3642 21.12 0.334069
16.7328 21.3642 21.04 0.32
16.8075 21.4389 21.04 0.2988
16.8822 21.4389 21.12 0.2988
16.9569 21.4389 21.04 0.334069
17.0316 21.4389 21.04 0.2988
17.1063 21.4389 20.96 0.32
17.181 21.4389 20.96 0.32
17.2557 21.4389 20.96 0.32
17.3304 21.4389 20.96 0.32
17.4051 21.4389 20.96 0.32
17.4798 21.3642 20.96 0.32
17.5545 21.3642 20.96 0.32
17.6292 21.2895 21.04 0.32
17.7039 21.2148 21.04 0.32
17.7786 21.1401 21.12 0.26503
17.7786 21.0654 21.2 0.26503
17.7786 20.9907 21.2 0.334069
17.7786 20.916 21.28 0.2988
17.7786 20.8413 21.36 0.2988
17.7786 20.8413 21.44 0.26503
17.7786 20.7666 21.52 0.26503
17.7786 20.6919 21.6 0.26503
17.7786 20.6172 21.68 0.2988
17.7786 20.6172 21.76 0.218907
17.8533 20.5425 21.84 0.218907
17.8533 20.4678 21.84 0.2988
17.928 20.3931 21.92 0.26503
18.0027 20.3184 22 0.26503
18.0027 20.2437 22 0.32
18.0774 20.169 22.08 0.26503
18.1521 20.169 22.08 0.218907
18.2268 20.0943 22.16 0.218907
18.3015 20.0196 22.16 0.218907
18.3762 19.9449 22.24 0.211284
18.4509 19.9449 22.24 0.218907
18.5256 19.8702 22.32 0.218907
18.6003 19.8702 22.32 0.218907
18.675 19.7955 22.4 0.218907
18.7497 19.7208 22.48 0.218907
18.8244 19.6461 22.56 0.218907
18.8244 19.5714 22.64 0.211284
18.8991 19.4967 22.72 0.218907
18.8991 19.422 22.8 0.211284
18.9738 19.3473 22.88 0.218907
19.0485 19.2726 22.96 0.16
19.1232 19.1979 23.04 0.16
19.0485 19.1232 23.04 0.211284
19.1232 19.0485 23.12 0.211284
19.1979 19.0485 23.2 0.16
19.1979 18.9738 23.28 0.1494
19.1979 18.9738 23.36 0.211284
15 54
16.5087 19.1232 17.76 1.06012
16.5834 19.0485 17.84 0.888283
16.5834 18.9738 17.92 0.8
16.5834 18.8991 18 0.656722
16.5834 18.8244 18.08 0.550712
16.5834 18.7497 18.16 0.4482
16.5834 18.7497 18.24 0.437814
16.5834 18.7497 18.32 0.338942
16.5834 18.675 18.4 0.334069
16.5834 18.675 18.48 0.334069
16.5834 18.6003 18.56 0.338942
16.5834 18.6003 18.64 0.334069
16.5087 18.6003 18.72 0.334069
16.5087 18.6003 18.8 0.370408
16.5087 18.6003 18.88 0.422567
16.434 18.6003 18.96 0.334069
16.3593 18.6003 19.04 0.2988
16.3593 18.6003 19.12 0.2988
16.2846 18.675 19.2 0.338942
16.2099 18.675 19.28 0.353158
16.1352 18.6003 19.36 0.2988
16.1352 18.6003 19.44 0.26503
16.0605 18.6003 19.52 0.26503
15.9858 18.6003 19.6 0.26503
15.9858 18.6003 19.68 0.218907
15.9111 18.5256 19.76 0.26503
15.8364 18.5256 19.84 0.26503
15.8364 18.5256 19.92 0.26503
15.8364 18.5256 20 0.218907
15.7617 18.4509 20.08 0.218907
15.687 18.4509 20.08 0.26503
15.6123 18.4509 20.16 0.26503
15.5376 18.4509 20.24 0.218907
15.4629 18.4509 20.24 0.218907
15.3882 18.4509 20.24 0.218907
15.3135 18.4509 20.24 0.218907
15.2388 18.3762 20.24 0.26503
15.1641 18.3762 20.24 0.2988
15.0894 18.3762 20.24 0.2988
15.0147 18.3762 20.24 0.26503
14.94 18.3762 20.16 0.26503
14.8653 18.3762 20.16 0.26503
14.7906 18.3762 20.08 0.2988
14.7159 18.3762 20.08 0.26503
14.6412 18.4509 20 0.32
14.5665 18.4509 19.92 0.32
14.4918 18.4509 19.92 0.2988
14.4171 18.5256 19.92 0.32
14.3424 18.5256 19.92 0.32
14.2677 18.6003 19.92 0.32
14.193 18.675 20 0.26503
14.1183 18.7497 20.08 0.26503
14.0436 18.7497 20.16 0.334069
13.9689 18.7497 20.24 0.2988
16 67
16.5087 19.1232 17.76 1.06012
16.5087 19.1979 17.84 0.903688
16.434 19.2726 17.92 0.925207
16.3593 19.2726 18 0.845134
16.3593 19.3473 18.08 0.795089
16.3593 19.422 18.16 0.747
16.2846 19.422 18.24 0.795089
16.2846 19.4967 18.32 0.657206
16.2099 19.5714 18.4 0.5976
16.2099 19.6461 18.48 0.530059
16.1352 19.7208 18.56 0.498802
16.0605 19.7955 18.64 0.451844
15.9858 19.8702 18.72 0.334069
15.9111 19.9449 18.8 0.334069
15.9111 20.0196 18.88 0.353158
15.8364 20.0943 18.96 0.437814
15.7617 20.0943 19.04 0.338942
15.687 20.169 19.12 0.422567
15.6123 20.2437 19.2 0.338942
15.5376 20.2437 19.28 0.422567
15.4629 20.3184 19.36 0.437814
15.3882 20.3184 19.44 0.422567
15.3135 20.3931 19.52 0.422567
15.2388 20.4678 19.6 0.437814
15.1641 20.4678 19.68 0.422567
15.0894 20.5425 19.76 0.437814
15.0147 20.5425 19.84 0.370408
14.94 20.5425 19.92 0.422567
14.94 20.5425 20 0.422567
14.94 20.5425 20.08 0.370408
15.0147 20.4678 20.16 0.437814
15.0894 20.3931 20.24 0.383459
15.1641 20.3184 20.24 0.353158
15.2388 20.2437 20.16 0.353158
15.3135 20.2437 20.16 0.353158
15.3882 20.169 20.08 0.422567
15.4629 20.169 20 0.353158
15.5376 20.0943 19.92 0.353158
15.6123 20.0196 19.84 0.334069
15.687 19.9449 19.76 0.334069
15.7617 19.9449 19.68 0.338942
15.8364 19.8702 19.6 0.338942
15.9111 19.7955 19.52 0.2988
15.9858 19.7955 19.44 0.338942
16.0605 19.7208 19.36 0.338942
16.1352 19.7208 19.36 0.353158
16.2099 19.6461 19.28 0.353158
16.2846 19.5714 19.2 0.353158
16.3593 19.4967 19.2 0.32
16.434 19.422 19.12 0.353158
16.434 19.3473 19.12 0.422567
16.5087 19.2726 19.12 0.437814
16.5834 19.1979 19.12 0.437814
16.6581 19.1232 19.2 0.437814
16.7328 19.1232 19.28 0.437814
16.7328 19.0485 19.36 0.451844
16.8075 19.0485 19.44 0.437814
16.8075 18.9738 19.52 0.422567
16.8822 18.9738 19.6 0.422567
16.8822 18.9738 19.68 0.422567
16.8822 18.9738 19.76 0.437814
16.8822 18.8991 19.84 0.422567
16.8822 18.8991 19.92 0.422567
16.8822 18.8991 20 0.451844
16.8822 18.8991 20.08 0.422567
16.8822 18.8991 20.16 0.422567
16.8822 18.8991 20.24 0.422567
17 115
29.6559 18.7497 9.84 0.16
29.5812 18.8244 9.84 0.16
29.5065 18.7497 9.92 0.1494
29.4318 18.7497 9.84 0.16
29.3571 18.675 9.92 0.218907
29.2824 18.6003 9.92 0.32
29.2077 18.675 9.92 0.32
29.133 18.675 9.92 0.32
29.0583 18.675 9.92 0.32
28.9836 18.675 9.92 0.32
28.9089 18.675 10 0.32
28.8342 18.675 10 0.353158
28.7595 18.675 10 0.353158
28.6848 18.6003 10 0.437814
28.6101 18.5256 10 0.462603
28.5354 18.5256 10 0.48
28.4607 18.5256 10 0.48
28.386 18.6003 10 0.48
28.3113 18.6003 10 0.48
28.2366 18.675 10 0.48
28.1619 18.675 10 0.48
28.0872 18.675 10 0.48
28.0125 18.675 10.08 0.48
27.9378 18.675 10.08 0.502713
27.8631 18.675 10.08 0.550712
27.7884 18.675 10.08 0.524443
27.7137 18.675 10.08 0.502713
27.639 18.7497 10.08 0.472444
27.5643 18.7497 10.08 0.565404
27.4896 18.7497 10.08 0.550712
27.4149 18.8244 10.08 0.475903
27.3402 18.8244 10.08 0.498802
27.2655 18.8244 10.08 0.475903
27.1908 18.8244 10.08 0.550712
27.1161 18.8244 10.08 0.565404
27.0414 18.8244 10.16 0.550712
26.9667 18.8991 10.16 0.475903
26.892 18.8991 10.16 0.498802
26.8173 18.8991 10.16 0.538669
26.7426 18.8991 10.16 0.472444
26.6679 18.8991 10.16 0.4482
26.5932 18.9738 10.16 0.48
26.5185 18.9738 10.16 0.48
26.4438 18.9738 10.24 0.4482
26.3691 19.0485 10.16 0.48
26.2944 19.0485 10.24 0.502713
26.2197 19.0485 10.24 0.472444
26.145 19.1232 10.24 0.524443
26.0703 19.1979 10.24 0.530059
25.9956 19.1979 10.24 0.570617
25.9209 19.2726 10.24 0.472444
25.8462 19.2726 10.24 0.530059
25.7715 19.3473 10.32 0.502713
25.6968 19.422 10.32 0.584809
25.6221 19.422 10.32 0.633851
25.5474 19.4967 10.32 0.656722
25.4727 19.4967 10.4 0.633851
25.398 19.5714 10.4 0.656722
25.3233 19.6461 10.4 0.64
25.2486 19.6461 10.4 0.633851
25.1739 19.7208 10.4 0.64
25.0992 19.7955 10.4 0.64
25.0245 19.7955 10.48 0.633851
24.9498 19.8702 10.4 0.64
24.8751 19.9449 10.4 0.64
24.8004 19.9449 10.48 0.656722
24.7257 20.0196 10.48 0.64
24.651 20.0196 10.48 0.633851
24.5763 20.0943 10.48 0.633851
24.5016 20.0943 10.56 0.561929
24.4269 20.169 10.56 0.633851
24.3522 20.2437 10.56 0.550712
24.2775 20.3184 10.48 0.524443
24.2028 20.3184 10.48 0.538669
24.1281 20.3931 10.56 0.530059
24.0534 20.3931 10.56 0.472444
23.9787 20.4678 10.56 0.475903
23.904 20.4678 10.56 0.472444
23.8293 20.4678 10.56 0.4482
23.7546 20.4678 10.56 0.530059
23.6799 20.4678 10.64 0.462603
23.6052 20.4678 10.64 0.437814
23.5305 20.5425 10.72 0.437814
23.4558 20.5425 10.72 0.451844
23.3811 20.4678 10.64 0.370408
23.3064 20.4678 10.72 0.338942
23.2317 20.4678 10.64 0.437814
23.157 20.4678 10.72 0.462603
23.0823 20.3931 10.8 0.502713
23.0076 20.3931 10.8 0.498802
22.9329 20.3931 10.88 0.502713
22.8582 20.3931 10.88 0.550712
22.7835 20.3931 10.88 0.550712
22.7088 20.3931 10.88 0.656722
22.6341 20.3931 10.88 0.584809
22.5594 20.3184 10.88 0.656722
22.4847 20.3184 10.96 0.64
22.41 20.2437 10.88 0.64
22.3353 20.2437 10.88 0.657206
22.2606 20.2437 10.88 0.618648
22.1859 20.169 10.88 0.721502
22.1112 20.169 10.88 0.694151
22.0365 20.0943 10.88 0.766502
21.9618 20.0943 10.88 0.766502
21.8871 20.169 10.88 0.875629
21.8124 20.169 10.88 0.813831
21.7377 20.0943 10.8 0.875629
21.663 20.0943 10.8 0.875629
21.5883 20.0943 10.72 0.875629
21.5136 20.0943 10.64 0.875629
21.4389 20.0943 10.56 0.780926
21.3642 20.0943 10.48 0.766502
21.3642 20.0196 10.4 0.875629
21.2895 20.0196 10.32 0.860146
21.2148 20.0943 10.24 0.860146
18 241
21.2148 20.0943 10.24 0.860146
21.1401 20.0196 10.32 0.747
21.0654 20.0943 10.4 0.633851
20.9907 20.0943 10.48 0.451844
20.916 20.0196 10.56 0.353158
20.8413 19.9449 10.64 0.334069
20.8413 19.9449 10.72 0.218907
20.7666 19.8702 10.8 0.211284
20.7666 19.8702 10.88 0.218907
20.7666 19.9449 10.96 0.211284
20.7666 20.0196 11.04 0.26503
20.8413 19.9449 11.12 0.26503
20.8413 19.8702 11.2 0.2988
20.916 19.9449 11.28 0.26503
20.916 19.8702 11.36 0.26503
20.9907 19.9449 11.44 0.26503
21.0654 20.0196 11.52 0.2988
21.1401 20.0943 11.6 0.26503
21.2148 20.169 11.68 0.2988
21.2895 20.2437 11.76 0.26503
21.2895 20.3184 11.84 0.2988
21.3642 20.3931 11.92 0.334069
21.3642 20.4678 12 0.338942
21.4389 20.5425 12 0.2988
21.4389 20.6172 12.08 0.2988
21.4389 20.6919 12.16 0.2988
21.4389 20.7666 12.16 0.353158
21.3642 20.8413 12.24 0.2988
21.3642 20.916 12.32 0.338942
21.2895 20.9907 12.4 0.334069
21.2895 21.0654 12.48 0.2988
21.2148 21.1401 12.56 0.338942
21.2148 21.1401 12.64 0.338942
21.1401 21.1401 12.72 0.2988
21.0654 21.2148 12.8 0.334069
21.0654 21.2148 12.88 0.26503
20.9907 21.2895 12.96 0.2988
20.9907 21.3642 13.04 0.2988
20.9907 21.4389 13.12 0.2988
20.9907 21.4389 13.2 0.2988
20.9907 21.4389 13.28 0.26503
20.916 21.4389 13.36 0.26503
20.916 21.4389 13.44 0.2988
20.916 21.5136 13.52 0.334069
20.916 21.5883 13.6 0.334069
20.916 21.5883 13.68 0.334069
20.916 21.5883 13.76 0.334069
20.916 21.663 13.84 0.338942
20.916 21.663 13.92 0.2988
20.8413 21.663 14 0.2988
20.8413 21.663 14.08 0.334069
20.8413 21.663 14.16 0.334069
20.7666 21.7377 14.24 0.334069
20.7666 21.7377 14.32 0.2988
20.7666 21.7377 14.4 0.2988
20.6919 21.7377 14.48 0.2988
20.6172 21.7377 14.56 0.338942
20.6172 21.7377 14.64 0.334069
20.6172 21.663 14.72 0.334069
20.5425 21.663 14.8 0.437814
20.4678 21.5883 14.88 0.437814
20.4678 21.5136 14.96 0.334069
20.4678 21.4389 15.04 0.32
20.4678 21.3642 15.04 0.32
20.4678 21.2895 15.04 0.32
20.5425 21.2148 15.04 0.353158
20.6172 21.1401 15.12 0.338942
20.6919 21.1401 15.12 0.437814
20.7666 21.1401 15.2 0.353158
20.8413 21.0654 15.28 0.353158
20.916 21.0654 15.28 0.338942
20.9907 20.9907 15.36 0.353158
20.9907 21.0654 15.44 0.338942
21.0654 21.0654 15.52 0.334069
21.0654 21.0654 15.6 0.338942
21.1401 21.0654 15.68 0.2988
21.1401 21.0654 15.76 0.2988
21.1401 21.0654 15.84 0.2988
21.1401 21.0654 15.92 0.2988
21.1401 21.0654 16 0.2988
21.1401 21.0654 16.08 0.2988
21.0654 21.1401 16.16 0.26503
21.0654 21.1401 16.24 0.26503
20.9907 21.1401 16.32 0.26503
20.916 21.1401 16.32 0.2988
20.8413 21.1401 16.4 0.2988
20.7666 21.0654 16.48 0.2988
20.7666 21.0654 16.56 0.218907
20.6919 21.0654 16.64 0.218907
20.6172 20.9907 16.72 0.26503
20.6172 20.916 16.8 0.26503
20.5425 20.8413 16.88 0.2988
20.6172 20.8413 16.96 0.2988
20.6172 20.8413 17.04 0.2988
20.6172 20.8413 17.12 0.2988
20.6919 20.7666 17.2 0.334069
20.7666 20.7666 17.28 0.2988
20.7666 20.7666 17.36 0.2988
20.8413 20.6919 17.44 0.338942
20.8413 20.6919 17.52 0.2988
20.8413 20.6172 17.6 0.334069
20.916 20.6172 17.68 0.338942
20.916 20.6172 17.76 0.2988
20.916 20.5425 17.84 0.334069
20.916 20.5425 17.92 0.2988
20.916 20.5425 18 0.2988
20.916 20.4678 18.08 0.2988
20.916 20.4678 18.16 0.26503
20.8413 20.4678 18.24 0.2988
20.8413 20.5425 18.32 0.2988
20.8413 20.4678 18.4 0.2988
20.8413 20.4678 18.48 0.2988
20.8413 20.4678 18.56 0.2988
20.7666 20.4678 18.64 0.2988
20.7666 20.4678 18.72 0.26503
20.7666 20.3931 18.8 0.334069
20.7666 20.3931 18.88 0.2988
20.7666 20.3931 18.96 0.2988
20.7666 20.3931 19.04 0.2988
20.7666 20.3931 19.12 0.2988
20.6919 20.3931 19.2 0.2988
20.7666 20.3931 19.28 0.2988
20.7666 20.3931 19.36 0.2988
20.6919 20.4678 19.44 0.2988
20.7666 20.4678 19.52 0.26503
20.7666 20.4678 19.6 0.26503
20.8413 20.4678 19.68 0.338942
20.916 20.5425 19.68 0.26503
20.9907 20.5425 19.76 0.26503
21.0654 20.6172 19.76 0.26503
21.1401 20.6172 19.76 0.32
21.2148 20.6172 19.76 0.2988
21.2895 20.6919 19.76 0.32
21.3642 20.6919 19.76 0.32
21.4389 20.6919 19.68 0.353158
21.5136 20.6919 19.68 0.338942
21.5883 20.7666 19.68 0.32
21.663 20.7666 19.68 0.32
21.7377 20.7666 19.6 0.2988
21.8124 20.8413 19.6 0.32
21.8871 20.8413 19.6 0.32
21.9618 20.8413 19.6 0.2988
22.0365 20.8413 19.68 0.334069
22.1112 20.8413 19.76 0.334069
22.1859 20.8413 19.84 0.2988
22.1859 20.7666 19.92 0.2988
22.1112 20.6919 20 0.338942
22.1112 20.6172 20.08 0.334069
22.0365 20.5425 20.16 0.334069
21.9618 20.4678 20.24 0.338942
21.8871 20.4678 20.24 0.338942
21.8124 20.3931 20.32 0.338942
21.8124 20.3184 20.4 0.2988
21.7377 20.2437 20.48 0.2988
21.663 20.2437 20.56 0.334069
21.663 20.169 20.64 0.2988
21.5883 20.169 20.72 0.2988
21.5883 20.169 20.8 0.26503
21.5883 20.0943 20.88 0.2988
21.5883 20.0943 20.96 0.26503
21.663 20.0196 21.04 0.26503
21.663 20.0196 21.12 0.2988
21.663 20.0196 21.2 0.338942
21.7377 20.0196 21.28 0.26503
21.7377 20.0196 21.36 0.26503
21.8124 20.0196 21.44 0.338942
21.8124 20.0196 21.52 0.2988
21.8871 20.0196 21.6 0.338942
21.9618 20.0943 21.68 0.2988
22.0365 20.0943 21.76 0.338942
22.1112 20.169 21.76 0.353158
22.1859 20.2437 21.76 0.32
22.1859 20.3184 21.84 0.32
22.2606 20.3931 21.84 0.32
22.3353 20.4678 21.76 0.32
22.3353 20.5425 21.76 0.2988
22.3353 20.6172 21.76 0.32
22.3353 20.6919 21.68 0.353158
22.3353 20.7666 21.68 0.353158
22.3353 20.8413 21.6 0.32
22.2606 20.916 21.6 0.334069
22.2606 20.9907 21.6 0.32
22.1859 21.0654 21.52 0.334069
22.1859 21.1401 21.52 0.353158
22.1112 21.2148 21.44 0.353158
22.0365 21.2895 21.44 0.353158
21.9618 21.2895 21.44 0.32
21.8871 21.2895 21.36 0.334069
21.8124 21.3642 21.36 0.353158
21.7377 21.3642 21.36 0.32
21.663 21.3642 21.36 0.32
21.5883 21.3642 21.28 0.353158
21.5136 21.3642 21.28 0.353158
21.4389 21.3642 21.28 0.32
21.3642 21.3642 21.28 0.32
21.2895 21.3642 21.28 0.32
21.2148 21.3642 21.28 0.32
21.1401 21.3642 21.28 0.32
21.0654 21.3642 21.28 0.32
20.9907 21.3642 21.28 0.32
20.916 21.3642 21.28 0.32
20.8413 21.3642 21.28 0.32
20.7666 21.2895 21.28 0.32
20.6919 21.2148 21.28 0.334069
20.6172 21.1401 21.28 0.338942
20.5425 21.0654 21.36 0.353158
20.5425 20.9907 21.36 0.2988
20.4678 20.916 21.44 0.338942
20.4678 20.8413 21.52 0.338942
20.3931 20.7666 21.6 0.2988
20.3931 20.6919 21.68 0.2988
20.3931 20.6172 21.76 0.2988
20.3931 20.6172 21.84 0.26503
20.3931 20.5425 21.92 0.26503
20.3931 20.4678 22 0.26503
20.3184 20.3931 22.08 0.2988
20.3184 20.3184 22.16 0.334069
20.3184 20.3184 22.24 0.26503
20.3184 20.2437 22.32 0.26503
20.2437 20.169 22.4 0.26503
20.2437 20.0943 22.48 0.26503
20.2437 20.0943 22.56 0.218907
20.2437 20.0196 22.64 0.218907
20.169 19.9449 22.72 0.26503
20.169 19.9449 22.8 0.218907
20.0943 19.8702 22.88 0.211284
20.0943 19.7955 22.96 0.26503
20.0943 19.7955 23.04 0.218907
20.0196 19.7208 23.12 0.26503
19.9449 19.6461 23.2 0.218907
19.8702 19.5714 23.28 0.218907
19.8702 19.4967 23.28 0.218907
19.7955 19.422 23.36 0.211284
19.7208 19.3473 23.36 0.218907
19.6461 19.2726 23.36 0.218907
19.5714 19.1979 23.36 0.218907
19.4967 19.1232 23.44 0.16
19.422 19.0485 23.44 0.16
19.3473 18.9738 23.44 0.218907
19.2726 18.9738 23.44 0.211284
19.1979 18.9738 23.36 0.211284
19 103
21.663 18.8244 21.52 0.422567
21.663 18.8244 21.6 0.4482
21.663 18.8244 21.68 0.4482
21.663 18.8244 21.76 0.4482
21.663 18.8244 21.84 0.4482
21.663 18.8244 21.92 0.4482
21.663 18.8244 22 0.4482
21.663 18.8244 22.08 0.4482
21.663 18.8244 22.16 0.451844
21.7377 18.8991 22.24 0.4482
21.7377 18.8991 22.32 0.4482
21.7377 18.8991 22.4 0.451844
21.7377 18.8991 22.48 0.422567
21.8124 18.9738 22.56 0.4482
21.8124 18.9738 22.64 0.451844
21.8124 18.9738 22.72 0.422567
21.8124 19.0485 22.8 0.437814
21.8871 19.0485 22.88 0.451844
21.9618 19.0485 22.96 0.437814
21.9618 19.0485 23.04 0.451844
21.9618 19.0485 23.12 0.422567
22.0365 19.1232 23.2 0.422567
22.0365 19.1232 23.28 0.334069
22.0365 19.1232 23.36 0.334069
22.1112 19.0485 23.44 0.334069
22.1859 19.0485 23.52 0.26503
22.2606 18.9738 23.6 0.26503
22.3353 18.8991 23.68 0.218907
22.2606 18.8244 23.76 0.32
22.1859 18.7497 23.76 0.26503
22.1112 18.675 23.84 0.353158
22.0365 18.6003 23.84 0.32
22.0365 18.5256 23.92 0.338942
21.9618 18.4509 24 0.353158
21.8871 18.4509 24 0.437814
21.8124 18.3762 24 0.48
21.7377 18.3762 24 0.462603
21.663 18.3015 24 0.4482
21.5883 18.3015 24 0.4482
21.5136 18.3015 24 0.475903
21.4389 18.3015 24 0.565404
21.3642 18.3015 24 0.502713
21.2895 18.3015 23.92 0.530059
21.2148 18.2268 23.92 0.498802
21.1401 18.2268 23.92 0.524443
21.0654 18.2268 23.92 0.502713
20.9907 18.2268 23.92 0.48
20.916 18.1521 23.84 0.502713
20.8413 18.1521 23.84 0.472444
20.7666 18.0774 23.84 0.538669
20.6919 18.0774 23.84 0.565404
20.6172 18.0027 23.84 0.502713
20.5425 17.928 23.84 0.502713
20.4678 17.928 23.92 0.48
20.3931 17.928 23.92 0.48
20.3184 17.8533 23.92 0.451844
20.2437 17.7786 24 0.530059
20.169 17.7039 24.08 0.502713
20.0943 17.6292 24.16 0.451844
20.0196 17.6292 24.24 0.530059
20.0196 17.5545 24.32 0.462603
19.9449 17.4798 24.4 0.472444
19.9449 17.4051 24.48 0.530059
19.9449 17.4051 24.56 0.462603
19.9449 17.3304 24.64 0.4482
19.8702 17.3304 24.72 0.4482
19.9449 17.2557 24.8 0.462603
19.9449 17.181 24.88 0.4482
19.9449 17.1063 24.96 0.4482
19.9449 17.0316 25.04 0.530059
19.9449 16.9569 25.12 0.530059
19.9449 16.8822 25.12 0.530059
19.9449 16.8075 25.2 0.530059
19.9449 16.7328 25.2 0.462603
20.0196 16.6581 25.2 0.437814
20.0943 16.5834 25.28 0.437814
20.0943 16.5087 25.28 0.437814
20.169 16.434 25.28 0.437814
20.169 16.3593 25.36 0.437814
20.169 16.2846 25.36 0.437814
20.169 16.2099 25.36 0.462603
20.169 16.1352 25.44 0.437814
20.0943 16.0605 25.44 0.48
20.0196 16.0605 25.44 0.437814
19.9449 16.0605 25.52 0.437814
19.8702 16.0605 25.52 0.370408
19.7955 16.0605 25.6 0.334069
19.7208 16.1352 25.6 0.338942
19.7208 16.2099 25.68 0.26503
19.6461 16.2846 25.76 0.334069
19.6461 16.3593 25.76 0.338942
19.6461 16.434 25.76 0.383459
19.6461 16.5087 25.84 0.422567
19.6461 16.5834 25.84 0.437814
19.7208 16.6581 25.92 0.437814
19.7955 16.7328 26 0.353158
19.7955 16.8075 26 0.353158
19.8702 16.8822 26 0.353158
19.9449 16.8822 26.08 0.32
20.0196 16.9569 26.08 0.353158
20.0943 17.0316 26.08 0.32
20.169 17.0316 26.16 0.32
20.2437 17.1063 26.16 0.353158
20 37
19.1979 18.9738 23.36 0.211284
19.1232 18.8991 23.44 0.2988
19.1232 18.8244 23.52 0.26503
19.0485 18.7497 23.6 0.32
18.9738 18.675 23.68 0.334069
18.8991 18.675 23.76 0.26503
18.8244 18.6003 23.84 0.334069
18.8244 18.6003 23.92 0.218907
18.7497 18.5256 24 0.218907
18.675 18.5256 24 0.26503
18.6003 18.4509 24.08 0.2988
18.6003 18.4509 24.16 0.218907
18.5256 18.3762 24.24 0.2988
18.5256 18.3762 24.32 0.218907
18.5256 18.3015 24.4 0.218907
18.4509 18.2268 24.48 0.26503
18.4509 18.1521 24.56 0.26503
18.4509 18.0774 24.64 0.26503
18.4509 18.0774 24.72 0.211284
18.5256 18.0027 24.8 0.218907
18.5256 17.928 24.88 0.26503
18.6003 17.928 24.96 0.218907
18.675 17.8533 25.04 0.218907
18.7497 17.8533 25.12 0.26503
18.8244 17.8533 25.2 0.26503
18.8991 17.8533 25.28 0.211284
18.9738 17.8533 25.36 0.218907
19.0485 17.8533 25.44 0.218907
19.1232 17.8533 25.52 0.218907
19.1232 17.8533 25.6 0.26503
19.1979 17.8533 25.68 0.218907
19.2726 17.8533 25.76 0.211284
19.2726 17.8533 25.84 0.211284
19.2726 17.8533 25.92 0.26503
19.2726 17.8533 26 0.26503
19.1979 17.928 26.08 0.26503
19.1232 17.928 26.16 0.211284
21 120
16.8822 18.8991 20.24 0.422567
16.8822 18.8991 20.32 0.422567
16.8822 18.8991 20.4 0.422567
16.8075 18.8244 20.48 0.370408
16.8075 18.8244 20.56 0.422567
16.8075 18.8244 20.64 0.4482
16.8075 18.8244 20.72 0.422567
16.8075 18.8244 20.8 0.422567
16.8075 18.8244 20.88 0.422567
16.7328 18.8244 20.96 0.422567
16.7328 18.8244 21.04 0.422567
16.7328 18.8244 21.12 0.422567
16.7328 18.8244 21.2 0.422567
16.7328 18.8244 21.28 0.422567
16.6581 18.8244 21.36 0.370408
16.6581 18.8244 21.44 0.422567
16.6581 18.8244 21.52 0.422567
16.5834 18.8244 21.6 0.437814
16.5834 18.8244 21.68 0.422567
16.5834 18.7497 21.76 0.422567
16.5834 18.7497 21.84 0.370408
16.5087 18.7497 21.92 0.422567
16.5087 18.8244 22 0.422567
16.434 18.8244 22.08 0.437814
16.434 18.8244 22.16 0.451844
16.434 18.8244 22.24 0.422567
16.434 18.8244 22.32 0.422567
16.3593 18.8244 22.4 0.451844
16.3593 18.8244 22.48 0.4482
16.2846 18.8244 22.56 0.422567
16.2846 18.8244 22.64 0.422567
16.2846 18.8991 22.72 0.422567
16.2846 18.8991 22.8 0.422567
16.2099 18.8991 22.88 0.422567
16.2099 18.8991 22.96 0.422567
16.2099 18.9738 23.04 0.2988
16.2846 18.8991 23.12 0.2988
16.2099 18.8991 23.2 0.218907
16.1352 18.8244 23.28 0.26503
16.0605 18.8244 23.36 0.218907
16.0605 18.7497 23.44 0.218907
15.9858 18.675 23.52 0.26503
16.0605 18.6003 23.52 0.26503
16.1352 18.6003 23.52 0.26503
16.2099 18.5256 23.6 0.26503
16.2099 18.5256 23.68 0.218907
16.2846 18.4509 23.76 0.32
16.3593 18.3762 23.76 0.32
16.434 18.3015 23.84 0.353158
16.5087 18.3015 23.84 0.353158
16.5834 18.3015 23.76 0.353158
16.6581 18.3015 23.76 0.383459
16.7328 18.3015 23.76 0.383459
16.8075 18.2268 23.76 0.437814
16.8822 18.2268 23.76 0.437814
16.9569 18.1521 23.76 0.437814
17.0316 18.1521 23.76 0.437814
17.1063 18.1521 23.68 0.462603
17.181 18.1521 23.68 0.4482
17.2557 18.0774 23.68 0.462603
17.3304 18.0774 23.68 0.48
17.4051 18.0027 23.68 0.48
17.4798 18.0027 23.68 0.48
17.5545 17.928 23.68 0.530059
17.6292 17.928 23.68 0.48
17.7039 17.8533 23.76 0.451844
17.7786 17.8533 23.76 0.48
17.8533 17.7786 23.76 0.530059
17.928 17.7786 23.84 0.437814
18.0027 17.7039 23.84 0.437814
18.0774 17.7039 23.92 0.422567
18.0774 17.7039 24 0.370408
18.1521 17.6292 24.08 0.422567
18.2268 17.6292 24.16 0.422567
18.3015 17.6292 24.24 0.383459
18.3015 17.5545 24.32 0.370408
18.3015 17.4798 24.4 0.422567
18.3015 17.4798 24.48 0.451844
18.3015 17.4051 24.56 0.422567
18.3015 17.4051 24.64 0.422567
18.3762 17.3304 24.72 0.422567
18.3762 17.3304 24.8 0.422567
18.4509 17.2557 24.88 0.462603
18.4509 17.181 24.96 0.422567
18.5256 17.1063 25.04 0.451844
18.5256 17.0316 25.12 0.462603
18.5256 16.9569 25.2 0.437814
18.4509 16.8822 25.2 0.437814
18.4509 16.8075 25.2 0.437814
18.4509 16.7328 25.2 0.353158
18.3762 16.6581 25.2 0.353158
18.3762 16.5834 25.2 0.353158
18.3015 16.5087 25.2 0.353158
18.3015 16.434 25.2 0.353158
18.2268 16.3593 25.2 0.353158
18.1521 16.2846 25.28 0.353158
18.1521 16.2099 25.28 0.338942
18.1521 16.1352 25.36 0.338942
18.1521 16.1352 25.44 0.338942
18.1521 16.0605 25.52 0.353158
18.2268 16.1352 25.6 0.338942
18.3015 16.2099 25.68 0.338942
18.3762 16.2099 25.68 0.353158
18.4509 16.2846 25.68 0.353158
18.4509 16.3593 25.76 0.32
18.4509 16.434 25.76 0.32
18.4509 16.5087 25.76 0.32
18.3762 16.5834 25.84 0.26503
18.3762 16.6581 25.84 0.353158
18.3762 16.7328 25.84 0.32
18.3015 16.8075 25.92 0.338942
18.2268 16.8822 26 0.334069
18.2268 16.9569 26 0.353158
18.1521 17.0316 26.08 0.353158
18.0774 17.1063 26.16 0.2988
18.0027 17.1063 26.24 0.338942
17.928 17.1063 26.32 0.2988
17.8533 17.1063 26.4 0.338942
17.8533 17.1063 26.48 0.334069
17.7786 17.1063 26.56 0.338942
22 30
20.2437 17.181 26.08 0.338942
20.2437 17.2557 26 0.26503
20.2437 17.3304 25.92 0.211284
20.169 17.4051 25.84 0.16
20.0943 17.4798 25.84 0.16
20.0196 17.5545 25.76 0.16
20.0196 17.6292 25.76 0.16
20.0196 17.7039 25.76 0.16
19.9449 17.7786 25.76 0.1494
19.9449 17.8533 25.76 0.1494
19.9449 17.928 25.76 0.16
19.9449 18.0027 25.76 0.16
19.9449 18.0774 25.76 0.16
19.9449 18.1521 25.84 0.1494
19.9449 18.2268 25.84 0.16
19.9449 18.3015 25.84 0.16
20.0196 18.3762 25.92 0.1494
20.0196 18.4509 25.92 0.16
20.0943 18.5256 26 0.1494
20.169 18.6003 26.08 0.1494
20.2437 18.675 26.16 0.1494
20.3184 18.7497 26.16 0.1494
20.3931 18.8244 26.24 0.1494
20.4678 18.8991 26.24 0.1494
20.5425 18.9738 26.32 0.1494
20.6172 19.0485 26.4 0.1494
20.6919 19.1232 26.4 0.1494
20.6919 19.1979 26.48 0.1494
20.6919 19.2726 26.48 0.16
20.7666 19.3473 26.48 0.1494
23 27
20.3184 17.1063 26.16 0.334069
20.3931 17.1063 26.24 0.2988
20.4678 17.181 26.24 0.334069
20.5425 17.1063 26.32 0.334069
20.6172 17.1063 26.4 0.334069
20.6919 17.1063 26.48 0.338942
20.7666 17.1063 26.56 0.2988
20.6919 17.1063 26.64 0.26503
20.6172 17.1063 26.72 0.218907
20.5425 17.1063 26.72 0.218907
20.4678 17.1063 26.8 0.16
20.3931 17.1063 26.8 0.16
20.3184 17.0316 26.8 0.211284
20.2437 17.0316 26.88 0.1494
20.169 17.0316 26.88 0.1494
20.0943 17.0316 26.8 0.16
20.0196 17.0316 26.8 0.16
19.9449 17.0316 26.8 0.1494
19.8702 16.9569 26.8 0.16
19.7955 16.8822 26.72 0.218907
19.7208 16.8822 26.72 0.218907
19.6461 16.8075 26.72 0.16
19.5714 16.7328 26.72 0.1494
19.4967 16.6581 26.72 0.16
19.422 16.5834 26.72 0.16
19.3473 16.5087 26.8 0.16
19.2726 16.434 26.8 0.1494
24 4
18.8991 18.0027 26 0.1494
18.9738 18.0027 26 0.1494
19.0485 18.0027 26.08 0.1494
19.1232 17.928 26.16 0.211284
25 28
19.1232 17.928 26.16 0.211284
19.1232 17.928 26.24 0.211284
19.0485 17.8533 26.32 0.218907
18.9738 17.8533 26.32 0.218907
18.8991 17.928 26.4 0.1494
18.8244 17.8533 26.4 0.16
18.7497 17.8533 26.4 0.16
18.675 17.8533 26.4 0.1494
18.6003 17.8533 26.32 0.16
18.5256 17.928 26.32 0.16
18.4509 17.928 26.32 0.16
18.3762 18.0027 26.32 0.16
18.3015 18.0774 26.24 0.16
18.2268 18.1521 26.24 0.16
18.1521 18.2268 26.16 0.16
18.0774 18.3015 26.16 0.1494
18.0027 18.3762 26.08 0.16
17.928 18.4509 26.08 0.16
17.8533 18.5256 26.08 0.16
17.7786 18.6003 26.08 0.16
17.7039 18.675 26.08 0.16
17.6292 18.7497 26.08 0.16
17.5545 18.8244 26.16 0.16
17.4798 18.8991 26.24 0.16
17.4798 18.9738 26.32 0.1494
17.4051 19.0485 26.32 0.218907
17.4051 19.1232 26.4 0.1494
17.4051 19.1979 26.48 0.16
26 15
16.6581 16.7328 26.48 0.26503
16.7328 16.8075 26.48 0.218907
16.8075 16.8822 26.56 0.218907
16.8822 16.8822 26.56 0.26503
16.9569 16.9569 26.64 0.218907
17.0316 16.9569 26.64 0.26503
17.1063 16.9569 26.64 0.2988
17.181 16.9569 26.64 0.26503
17.2557 17.0316 26.72 0.218907
17.3304 17.0316 26.72 0.26503
17.4051 17.0316 26.64 0.2988
17.4798 17.0316 26.64 0.2988
17.5545 17.0316 26.64 0.2988
17.6292 17.0316 26.64 0.2988
17.7039 17.1063 26.56 0.353158
27 20
19.1979 16.434 26.72 0.16
19.1232 16.5087 26.72 0.16
19.0485 16.5834 26.72 0.16
18.9738 16.6581 26.72 0.16
18.8991 16.7328 26.72 0.16
18.8244 16.8075 26.72 0.16
18.7497 16.7328 26.72 0.211284
18.675 16.8075 26.72 0.218907
18.6003 16.8822 26.8 0.16
18.5256 16.8822 26.8 0.218907
18.4509 16.8822 26.8 0.211284
18.3762 16.9569 26.88 0.16
18.3015 17.0316 26.88 0.16
18.2268 17.0316 26.88 0.16
18.1521 16.9569 26.8 0.218907
18.0774 17.0316 26.8 0.218907
18.0027 17.0316 26.8 0.218907
17.928 17.0316 26.8 0.218907
17.8533 17.0316 26.72 0.26503
17.7786 17.0316 26.64 0.2988
28 13
19.2726 16.2099 26.88 0.1494
19.1979 16.1352 26.8 0.16
19.1979 16.0605 26.8 0.16
19.1979 15.9858 26.8 0.218907
19.1979 15.9111 26.88 0.211284
19.2726 15.9111 26.96 0.16
19.1979 15.8364 27.04 0.1494
19.2726 15.7617 27.12 0.16
19.1979 15.7617 27.2 0.1494
19.2726 15.687 27.28 0.1494
19.2726 15.687 27.36 0.16
19.1979 15.687 27.44 0.1494
19.2726 15.6123 27.52 0.1494
29 8
19.2726 16.2099 26.96 0.218907
19.2726 16.1352 27.04 0.211284
19.3473 16.1352 27.12 0.16
19.2726 16.0605 27.2 0.218907
19.2726 15.9858 27.28 0.211284
19.3473 15.9858 27.36 0.16
19.2726 15.9858 27.44 0.1494
19.3473 15.9111 27.52 0.16
