35
1 52
17.738 18.462 0.08 0.16
17.8104 18.5344 0.16 0.32
17.8828 18.6068 0.24 0.48
17.9552 18.6792 0.32 0.64
18.0276 18.7516 0.4 0.8
18.1 18.824 0.48 0.96
18.1724 18.8964 0.56 1.12
18.2448 18.9688 0.64 1.28
18.1724 19.0412 0.72 1.44
18.1 18.9688 0.8 1.6
18.0276 18.8964 0.88 1.76
17.9552 18.824 0.96 1.92
17.8828 18.7516 1.04 2.08
17.8104 18.6792 1.12 2.24
17.8104 18.6068 1.2 2.4
17.8104 18.5344 1.28 2.56
17.8104 18.462 1.36 2.72
17.8104 18.3896 1.44 2.88
17.8828 18.3896 1.52 3.04
17.8828 18.462 1.6 3.2
17.8828 18.462 1.68 3.17571
17.8828 18.462 1.76 3.0883
17.8828 18.5344 1.84 3.17571
17.8828 18.5344 1.92 3.17571
17.9552 18.5344 2 3.27645
18.0276 18.5344 2.08 3.17571
18.0276 18.5344 2.16 3.17571
18.0276 18.6068 2.24 3.17571
18.0276 18.6068 2.32 3.19131
18.1 18.6792 2.4 2.9842
18.1 18.6792 2.48 3.17571
18.1724 18.6792 2.56 3.17571
18.1724 18.6792 2.64 3.20142
18.1724 18.6792 2.72 3.1081
18.2448 18.7516 2.8 3.15698
18.2448 18.7516 2.88 3.24015
18.2448 18.824 2.96 3.07167
18.3172 18.824 3.04 3.24984
18.3172 18.824 3.12 3.23691
18.3172 18.8964 3.2 3.23691
18.3896 18.8964 3.28 2.93589
18.462 18.8964 3.36 2.85553
18.5344 18.9688 3.44 3.07167
18.5344 18.9688 3.52 3.23691
18.5344 19.0412 3.6 3.12348
18.6068 19.0412 3.68 3.14158
18.6792 19.1136 3.76 3.0226
18.7516 19.1136 3.84 2.8847
18.7516 19.186 3.92 2.94175
18.824 19.186 4 2.8742
18.824 19.2584 4.08 2.89724
18.8964 19.2584 4.16 3.02112
2 63
18.8964 19.2584 4.16 3.02112
18.8964 19.186 4.24 2.90447
18.8964 19.1136 4.32 2.80532
18.824 19.0412 4.4 2.59357
18.824 18.9688 4.48 2.27518
18.824 18.8964 4.56 2.15854
18.7516 18.824 4.64 2.07263
18.824 18.7516 4.72 1.94808
18.7516 18.6792 4.8 1.843
18.7516 18.6068 4.88 1.63822
18.7516 18.5344 4.96 1.54754
18.7516 18.5344 5.04 1.41239
18.6792 18.462 5.12 1.34454
18.6792 18.3896 5.2 1.24562
18.6068 18.462 5.28 1.14921
18.6068 18.3896 5.36 1.0227
18.6068 18.3896 5.44 0.984437
18.6792 18.3172 5.52 0.980841
18.6792 18.2448 5.6 1.02389
18.7516 18.2448 5.68 0.927172
18.7516 18.2448 5.76 0.927172
18.7516 18.2448 5.84 0.875237
18.824 18.2448 5.92 0.766055
18.824 18.2448 6 0.773501
18.8964 18.2448 6.08 0.600893
18.9688 18.1724 6.16 0.597026
18.9688 18.1724 6.24 0.618094
18.9688 18.1724 6.32 0.677377
18.9688 18.1724 6.4 0.724
18.9688 18.1724 6.48 0.741469
18.9688 18.1724 6.56 0.819112
18.9688 18.1724 6.64 0.834593
18.9688 18.1724 6.72 0.8688
18.8964 18.1724 6.8 0.966321
18.8964 18.1724 6.88 1.07897
18.824 18.1724 6.96 1.08864
18.7516 18.1 7.04 1.08864
18.6792 18.1 7.12 1.11716
18.6792 18.1724 7.2 1.18102
18.6068 18.1 7.28 1.12661
18.6068 18.1 7.36 1.04405
18.5344 18.1 7.44 0.915796
18.5344 18.1 7.52 0.915796
18.5344 18.1 7.6 0.929667
18.5344 18.1 7.68 0.902928
18.462 18.1 7.76 0.915666
18.462 18.1724 7.84 0.819112
18.3896 18.1 7.92 1.07897
18.3172 18.1 8 1.07897
18.2448 18.1 8.08 1.07897
18.1724 18.1 8.16 1.07897
18.1724 18.1724 8.24 1.03949
18.1 18.1 8.32 1.08864
18.0276 18.1724 8.4 1.08864
17.9552 18.1724 8.48 1.08864
17.9552 18.1724 8.56 1.02924
17.8828 18.2448 8.64 1.03949
17.8104 18.2448 8.72 1.00878
17.738 18.1724 8.72 1.07897
17.6656 18.1724 8.8 1.0136
17.6656 18.2448 8.88 1.11716
17.6656 18.3172 8.96 1.2024
17.5932 18.3896 9.04 1.1305
3 15
18.8964 19.2584 4.16 3.02112
18.9688 19.3308 4.24 3.02112
19.0412 19.4032 4.32 3.02112
19.1136 19.4032 4.4 2.70019
19.1136 19.4756 4.48 2.90447
19.186 19.4756 4.56 2.80906
19.2584 19.548 4.64 2.71415
19.2584 19.6204 4.72 2.23801
19.3308 19.6204 4.8 2.61981
19.4032 19.6204 4.8 2.22911
19.4756 19.6204 4.88 2.58953
19.4756 19.6928 4.96 2.17934
19.548 19.6928 5.04 2.19039
19.548 19.7652 5.12 2.33077
19.6204 19.7652 5.2 2.2202
4 41
17.5932 18.3896 9.04 1.1305
17.5208 18.462 9.04 1.0136
17.5932 18.5344 9.12 1.07897
17.5208 18.6068 9.12 0.98766
17.5932 18.6792 9.2 0.970859
17.5208 18.7516 9.2 0.910462
17.5932 18.824 9.28 0.910331
17.5208 18.8964 9.28 0.910462
17.5208 18.9688 9.36 0.825937
17.5208 19.0412 9.36 0.863176
17.5208 19.1136 9.44 0.863176
17.4484 19.186 9.52 0.863176
17.4484 19.2584 9.52 0.863176
17.4484 19.3308 9.6 0.741469
17.4484 19.4032 9.6 0.863176
17.376 19.4756 9.68 0.863176
17.376 19.548 9.76 0.863176
17.376 19.6204 9.84 0.741469
17.3036 19.6204 9.92 0.709205
17.376 19.6928 10 0.647382
17.376 19.7652 10.08 0.612349
17.376 19.7652 10.16 0.647382
17.3036 19.8376 10.24 0.661719
17.2312 19.8376 10.32 0.618094
17.2312 19.8376 10.4 0.597026
17.1588 19.8376 10.48 0.618094
17.0864 19.91 10.56 0.752245
17.0864 19.91 10.64 0.863176
17.0864 19.8376 10.72 0.863176
17.014 19.8376 10.8 0.98766
16.9416 19.8376 10.88 1.07897
16.8692 19.7652 10.96 1.12119
16.7968 19.7652 11.04 1.18102
16.7244 19.7652 11.12 1.18102
16.7244 19.6928 11.2 1.29476
16.652 19.6204 11.28 1.29476
16.5796 19.6204 11.36 1.29476
16.5072 19.6204 11.44 1.29476
16.5072 19.548 11.52 1.14497
16.4348 19.548 11.6 1.2024
16.3624 19.548 11.68 1.07897
5 119
17.5932 18.3896 9.04 1.1305
17.5208 18.3172 9.12 1.07897
17.5208 18.3172 9.2 0.863038
17.4484 18.2448 9.28 0.773501
17.376 18.1724 9.36 0.661719
17.376 18.1724 9.44 0.647382
17.3036 18.1724 9.52 0.647382
17.2312 18.1 9.6 0.546051
17.2312 18.1 9.68 0.614334
17.1588 18.1 9.76 0.612349
17.0864 18.1 9.84 0.647382
17.014 18.0276 9.92 0.578995
17.014 17.9552 10 0.519746
16.9416 17.8828 10.08 0.462929
16.9416 17.8828 10.16 0.457898
16.8692 17.8828 10.24 0.462929
16.7968 17.8828 10.24 0.462929
16.7244 17.8104 10.32 0.53954
16.652 17.8104 10.32 0.522084
16.5796 17.8104 10.4 0.485047
16.5796 17.8104 10.48 0.457898
16.5072 17.738 10.56 0.462929
16.4348 17.738 10.56 0.53954
16.3624 17.738 10.64 0.519746
16.29 17.6656 10.72 0.53954
16.2176 17.6656 10.8 0.560596
16.1452 17.5932 10.88 0.53954
16.1452 17.5932 10.96 0.522084
16.0728 17.5932 11.04 0.614334
16.0004 17.5208 11.12 0.692681
16.0004 17.5208 11.2 0.634828
15.928 17.5208 11.28 0.692681
15.928 17.5208 11.36 0.709205
15.928 17.4484 11.44 0.692681
15.928 17.4484 11.52 0.647565
15.8556 17.4484 11.6 0.661719
15.8556 17.4484 11.68 0.692681
15.7832 17.376 11.76 0.600893
15.7832 17.376 11.84 0.661719
15.7832 17.376 11.92 0.752245
15.7832 17.4484 12 0.752245
15.7832 17.4484 12.08 0.819112
15.7832 17.4484 12.16 0.724
15.7832 17.4484 12.24 0.77962
15.7832 17.376 12.32 0.647565
15.7832 17.376 12.4 0.647565
15.7832 17.376 12.48 0.647565
15.7832 17.376 12.56 0.647565
15.8556 17.376 12.64 0.647565
15.8556 17.376 12.72 0.709205
15.8556 17.376 12.8 0.612349
15.8556 17.376 12.88 0.546051
15.928 17.376 12.96 0.546051
15.8556 17.376 13.04 0.546051
15.8556 17.376 13.12 0.614334
15.8556 17.3036 13.2 0.612349
15.8556 17.3036 13.28 0.634828
15.8556 17.3036 13.36 0.614334
15.928 17.2312 13.44 0.634828
15.928 17.2312 13.52 0.692681
15.928 17.2312 13.6 0.634828
16.0004 17.1588 13.68 0.647565
16.0004 17.1588 13.76 0.647565
16.0728 17.1588 13.84 0.709205
16.0728 17.0864 13.92 0.709205
16.1452 17.0864 14 0.661719
16.1452 17.014 14.08 0.77962
16.2176 16.9416 14.16 0.724
16.2176 16.8692 14.24 0.77962
16.29 16.8692 14.32 0.709205
16.29 16.7968 14.4 0.709205
16.29 16.7244 14.48 0.647565
16.29 16.7244 14.56 0.647565
16.29 16.652 14.64 0.634828
16.3624 16.5796 14.72 0.634828
16.4348 16.5072 14.8 0.661719
16.4348 16.5072 14.88 0.647565
16.4348 16.4348 14.96 0.597026
16.5072 16.3624 15.04 0.692681
16.5796 16.29 15.12 0.692681
16.5796 16.29 15.2 0.77962
16.5796 16.29 15.28 0.661719
16.652 16.2176 15.36 0.724
16.652 16.2176 15.44 0.724
16.7244 16.1452 15.52 0.724
16.7968 16.0728 15.6 0.752245
16.7968 16.0004 15.68 0.724
16.7968 16.0004 15.76 0.724
16.7968 15.928 15.84 0.724
16.8692 15.928 15.92 0.77962
16.7968 15.8556 16 0.647565
16.8692 15.8556 16.08 0.692681
16.8692 15.8556 16.16 0.634828
16.8692 15.7832 16.24 0.692681
16.8692 15.7108 16.32 0.709205
16.8692 15.7108 16.4 0.692681
16.7968 15.6384 16.48 0.634828
16.7968 15.566 16.56 0.709205
16.7968 15.566 16.64 0.709205
16.7968 15.4936 16.72 0.600893
16.7968 15.4936 16.8 0.692681
16.8692 15.4212 16.88 0.647382
16.7968 15.4212 16.96 0.663378
16.7968 15.3488 17.04 0.647382
16.7244 15.3488 17.12 0.692681
16.7244 15.2764 17.2 0.634828
16.7244 15.204 17.28 0.612349
16.7244 15.204 17.36 0.634828
16.7244 15.1316 17.44 0.597026
16.7244 15.1316 17.52 0.618094
16.7244 15.1316 17.6 0.647565
16.7244 15.1316 17.68 0.634828
16.7968 15.0592 17.76 0.614334
16.8692 15.0592 17.84 0.614334
16.9416 14.9868 17.92 0.560596
16.9416 14.9144 18 0.519746
17.014 14.842 18.08 0.462929
17.014 14.842 18.16 0.431588
16.9416 14.7696 18.24 0.4344
6 26
19.6204 19.7652 5.2 2.2202
19.6928 19.8376 5.2 2.16667
19.7652 19.91 5.28 2.06728
19.8376 19.9824 5.36 2.04851
19.91 20.0548 5.44 2.06256
19.9824 20.1272 5.52 2.06865
19.9824 20.1996 5.52 2.16279
20.0548 20.272 5.52 1.98062
20.0548 20.3444 5.6 2.04643
20.1272 20.4168 5.6 2.03616
20.0548 20.4892 5.68 2.08743
20.0548 20.5616 5.76 2.24239
20.0548 20.634 5.76 2.17847
20.0548 20.7064 5.76 2.16399
20.0548 20.7788 5.84 2.37373
20.0548 20.8512 5.84 2.28173
20.0548 20.9236 5.92 2.12583
20.1272 20.996 6 2.05046
20.1272 21.0684 6 2.37815
20.1996 21.1408 6.08 2.2837
20.272 21.2132 6.16 2.25766
20.272 21.2856 6.16 2.2623
20.3444 21.358 6.24 2.37373
20.3444 21.4304 6.24 2.37815
20.3444 21.5028 6.32 2.23432
20.4168 21.5752 6.32 2.33886
7 155
19.6204 19.7652 5.2 2.2202
19.6928 19.6928 5.28 2.10781
19.6928 19.6204 5.36 1.92176
19.7652 19.548 5.44 1.58313
19.7652 19.4756 5.52 1.41866
19.6928 19.4032 5.6 1.33463
19.6928 19.3308 5.68 1.16313
19.6928 19.2584 5.76 0.98766
19.6928 19.186 5.84 0.863176
19.6928 19.186 5.92 0.77962
19.6928 19.1136 6 0.612349
19.7652 19.0412 6.08 0.614334
19.8376 18.9688 6.16 0.522084
19.8376 18.9688 6.24 0.485047
19.91 18.8964 6.32 0.522084
19.91 18.8964 6.4 0.522084
19.91 18.8964 6.48 0.522084
19.9824 18.824 6.56 0.647382
19.9824 18.824 6.64 0.614334
19.9824 18.824 6.72 0.5792
19.9824 18.824 6.8 0.5792
19.9824 18.824 6.88 0.600893
19.9824 18.824 6.96 0.661719
19.9824 18.824 7.04 0.647565
19.9824 18.824 7.12 0.724
19.9824 18.824 7.2 0.724
19.9824 18.824 7.28 0.692681
19.9824 18.824 7.36 0.634828
19.9824 18.824 7.44 0.614334
19.9824 18.824 7.52 0.634828
19.9824 18.824 7.6 0.5792
20.0548 18.8964 7.68 0.634828
20.0548 18.8964 7.76 0.692681
20.0548 18.8964 7.84 0.647565
20.0548 18.8964 7.92 0.612349
19.9824 18.8964 8 0.634828
20.0548 18.9688 8.08 0.692681
20.0548 18.9688 8.16 0.647565
19.9824 18.9688 8.24 0.634828
19.9824 18.9688 8.32 0.614334
20.0548 18.9688 8.4 0.634828
20.0548 19.0412 8.48 0.692681
20.0548 19.0412 8.56 0.634828
20.0548 19.1136 8.64 0.692681
20.0548 19.1136 8.72 0.77962
20.1272 19.1136 8.8 0.647565
20.1272 19.1136 8.88 0.647565
20.1272 19.1136 8.96 0.724
20.1272 19.1136 9.04 0.661719
20.1272 19.1136 9.12 0.663378
20.1996 19.1136 9.2 0.600893
20.1996 19.1136 9.28 0.618094
20.1996 19.1136 9.36 0.597026
20.272 19.1136 9.44 0.634828
20.272 19.1136 9.52 0.597026
20.272 19.1136 9.6 0.618094
20.272 19.0412 9.68 0.661719
20.272 19.0412 9.76 0.600893
20.272 18.9688 9.84 0.614334
20.3444 19.0412 9.92 0.5792
20.3444 19.0412 10 0.600893
20.3444 19.0412 10.08 0.647565
20.3444 19.0412 10.16 0.647565
20.3444 18.9688 10.24 0.692681
20.3444 18.9688 10.32 0.634828
20.3444 18.8964 10.4 0.634828
20.4168 18.9688 10.48 0.614334
20.4168 18.8964 10.56 0.600893
20.4168 18.8964 10.64 0.692681
20.4168 18.824 10.72 0.597026
20.4168 18.824 10.8 0.663378
20.4892 18.824 10.88 0.709205
20.4892 18.824 10.96 0.612349
20.4892 18.7516 11.04 0.612349
20.5616 18.7516 11.12 0.634828
20.5616 18.7516 11.2 0.614334
20.5616 18.6792 11.28 0.612349
20.634 18.6792 11.36 0.614334
20.634 18.6068 11.44 0.5792
20.7064 18.6068 11.52 0.5792
20.7064 18.6068 11.6 0.614334
20.7064 18.6068 11.68 0.614334
20.7788 18.5344 11.76 0.647382
20.7788 18.5344 11.84 0.647565
20.7788 18.5344 11.92 0.663378
20.8512 18.462 12 0.709205
20.8512 18.462 12.08 0.692681
20.9236 18.3896 12.16 0.709205
20.9236 18.3896 12.24 0.661719
20.996 18.3172 12.32 0.692681
20.996 18.3172 12.4 0.647565
20.996 18.3172 12.48 0.709205
21.0684 18.2448 12.56 0.692681
21.0684 18.2448 12.64 0.618094
21.1408 18.1724 12.72 0.614334
21.1408 18.1724 12.8 0.614334
21.2132 18.1 12.88 0.647382
21.2132 18.1 12.96 0.614334
21.2132 18.1 13.04 0.597026
21.2132 18.0276 13.12 0.5792
21.2856 17.9552 13.2 0.663378
21.2856 17.9552 13.28 0.614334
21.358 17.8828 13.36 0.614334
21.2856 17.8828 13.44 0.612349
21.358 17.8104 13.52 0.647382
21.358 17.8104 13.6 0.558633
21.358 17.738 13.68 0.647382
21.4304 17.6656 13.76 0.663378
21.4304 17.6656 13.84 0.600893
21.4304 17.5932 13.92 0.612349
21.4304 17.5208 14 0.63098
21.4304 17.5208 14.08 0.692681
21.4304 17.4484 14.16 0.724
21.4304 17.376 14.24 0.724
21.4304 17.376 14.32 0.618094
21.5028 17.3036 14.4 0.709205
21.5028 17.2312 14.48 0.692681
21.5028 17.2312 14.56 0.634828
21.5028 17.1588 14.64 0.709205
21.5752 17.0864 14.72 0.634828
21.5028 17.0864 14.8 0.647382
21.5752 17.014 14.88 0.709205
21.5028 17.014 14.96 0.647382
21.5028 16.9416 15.04 0.663378
21.5752 16.8692 15.12 0.692681
21.5752 16.7968 15.2 0.709205
21.5752 16.7244 15.28 0.661719
21.5752 16.7244 15.36 0.677377
21.5752 16.652 15.44 0.77962
21.5752 16.652 15.52 0.692681
21.5752 16.5796 15.6 0.661719
21.5752 16.5796 15.68 0.709205
21.5752 16.5072 15.76 0.692681
21.5752 16.4348 15.84 0.663378
21.5752 16.4348 15.92 0.709205
21.5752 16.3624 16 0.709205
21.5752 16.29 16.08 0.709205
21.6476 16.29 16.16 0.709205
21.6476 16.2176 16.24 0.709205
21.72 16.1452 16.32 0.709205
21.72 16.0728 16.4 0.692681
21.7924 16.0004 16.48 0.634828
21.7924 16.0004 16.56 0.647382
21.7924 15.928 16.64 0.612349
21.7924 15.928 16.72 0.558633
21.8648 15.8556 16.8 0.663378
21.8648 15.7832 16.88 0.647382
21.8648 15.7832 16.96 0.709205
21.8648 15.7832 17.04 0.634828
21.9372 15.7108 17.12 0.752245
21.9372 15.7108 17.2 0.724
21.9372 15.6384 17.28 0.863176
21.9372 15.6384 17.36 0.8688
21.9372 15.6384 17.44 0.8688
22.0096 15.566 17.52 0.966321
8 83
10.4256 18.1724 10.56 0.455231
10.498 18.1724 10.56 0.455231
10.5704 18.1724 10.64 0.519746
10.6428 18.1724 10.64 0.560596
10.7152 18.2448 10.64 0.647382
10.7876 18.1724 10.64 0.578995
10.86 18.2448 10.72 0.647382
10.9324 18.2448 10.72 0.647382
11.0048 18.3172 10.8 0.53954
11.0772 18.3172 10.88 0.560596
11.1496 18.3172 10.88 0.560596
11.222 18.3896 10.96 0.560596
11.2944 18.3896 10.96 0.560596
11.3668 18.3896 11.04 0.647382
11.4392 18.3896 11.12 0.521856
11.5116 18.3896 11.12 0.53954
11.584 18.462 11.12 0.53954
11.6564 18.462 11.2 0.578995
11.7288 18.462 11.28 0.521856
11.8012 18.5344 11.28 0.647382
11.8736 18.6068 11.28 0.560596
11.946 18.5344 11.36 0.578995
12.0184 18.6068 11.36 0.647382
12.0908 18.6068 11.44 0.560596
12.1632 18.6068 11.44 0.647382
12.2356 18.6792 11.44 0.578995
12.308 18.6792 11.52 0.663378
12.3804 18.6792 11.52 0.578995
12.4528 18.6792 11.6 0.647382
12.5252 18.7516 11.6 0.64
12.5976 18.7516 11.68 0.560596
12.67 18.7516 11.68 0.578995
12.7424 18.824 11.76 0.560596
12.8148 18.7516 11.76 0.558633
12.8872 18.7516 11.76 0.522084
12.9596 18.824 11.84 0.560596
13.032 18.8964 11.84 0.560596
13.1044 18.8964 11.92 0.53954
13.1768 18.8964 11.92 0.53954
13.2492 18.9688 12 0.560596
13.3216 18.9688 12 0.560596
13.394 19.0412 12.08 0.560596
13.4664 19.0412 12.08 0.560596
13.5388 19.0412 12.16 0.647382
13.6112 19.0412 12.16 0.560596
13.6836 19.0412 12.24 0.521856
13.756 19.1136 12.24 0.560596
13.8284 19.1136 12.32 0.53954
13.9008 19.1136 12.32 0.647382
13.9732 19.1136 12.32 0.647382
14.0456 19.186 12.4 0.578995
14.118 19.2584 12.4 0.462929
14.1904 19.186 12.48 0.521856
14.2628 19.2584 12.48 0.560596
14.3352 19.2584 12.48 0.647382
14.4076 19.2584 12.48 0.647382
14.48 19.2584 12.48 0.560596
14.5524 19.2584 12.48 0.53954
14.6248 19.2584 12.48 0.560596
14.6972 19.2584 12.48 0.560596
14.7696 19.2584 12.48 0.522084
14.842 19.3308 12.4 0.4344
14.9144 19.3308 12.4 0.4344
14.9868 19.3308 12.4 0.4344
15.0592 19.3308 12.32 0.431588
15.1316 19.3308 12.32 0.455231
15.204 19.3308 12.32 0.4344
15.2764 19.3308 12.24 0.457898
15.3488 19.3308 12.16 0.560596
15.4212 19.3308 12.16 0.647382
15.4936 19.3308 12.16 0.663378
15.566 19.4032 12.08 0.709205
15.6384 19.3308 12.08 0.724
15.7108 19.4032 12 0.863176
15.7832 19.4032 11.92 0.806065
15.8556 19.4032 11.84 0.842878
15.928 19.4032 11.84 0.98766
16.0004 19.4032 11.76 1.07897
16.0728 19.4756 11.76 1.07897
16.1452 19.4756 11.68 1.07897
16.2176 19.4756 11.68 1.12
16.29 19.548 11.68 1.12
16.3624 19.548 11.68 1.07897
9 286
16.3624 19.548 11.68 1.07897
16.4348 19.548 11.76 0.910462
16.5072 19.6204 11.84 0.752245
16.5072 19.6204 11.92 0.63098
16.5072 19.6204 12 0.501365
16.5796 19.6928 12.08 0.431588
16.5796 19.7652 12.16 0.2896
16.5796 19.8376 12.24 0.215794
16.652 19.91 12.32 0.215794
16.7244 19.9824 12.4 0.204778
16.7968 20.0548 12.48 0.215794
16.7244 20.1272 12.48 0.2896
16.7244 20.1996 12.56 0.2896
16.7244 20.272 12.64 0.259873
16.7244 20.3444 12.72 0.259873
16.7244 20.3444 12.8 0.204778
16.652 20.4168 12.88 0.215794
16.652 20.4168 12.96 0.215794
16.652 20.3444 13.04 0.215794
16.652 20.272 13.04 0.259873
16.652 20.1996 13.04 0.32
16.7244 20.1272 13.12 0.259873
16.7244 20.0548 13.12 0.32
16.7244 19.9824 13.12 0.259873
16.7968 19.91 13.2 0.2896
16.8692 19.8376 13.2 0.259873
16.9416 19.8376 13.28 0.215794
17.014 19.7652 13.36 0.204778
17.0864 19.6928 13.36 0.204778
17.1588 19.6928 13.36 0.259873
17.2312 19.6928 13.36 0.215794
17.3036 19.6928 13.44 0.215794
17.376 19.7652 13.52 0.16
17.3036 19.7652 13.6 0.204778
17.3036 19.6928 13.68 0.16
17.3036 19.6204 13.6 0.215794
17.2312 19.548 13.68 0.215794
17.2312 19.4756 13.68 0.215794
17.1588 19.4032 13.68 0.215794
17.0864 19.3308 13.6 0.259873
17.0864 19.2584 13.6 0.215794
17.0864 19.186 13.52 0.215794
17.014 19.1136 13.44 0.259873
17.014 19.0412 13.44 0.2896
17.0864 18.9688 13.52 0.259873
17.1588 18.9688 13.6 0.215794
17.2312 19.0412 13.6 0.215794
17.3036 18.9688 13.68 0.215794
17.376 19.0412 13.76 0.215794
17.4484 19.0412 13.84 0.2896
17.5208 19.1136 13.92 0.259873
17.5932 19.1136 14 0.259873
17.5932 19.186 14.08 0.2896
17.6656 19.186 14.16 0.2896
17.6656 19.186 14.24 0.2896
17.6656 19.186 14.32 0.259873
17.738 19.1136 14.4 0.259873
17.738 19.1136 14.48 0.2896
17.738 19.0412 14.56 0.33086
17.6656 18.9688 14.64 0.2896
17.6656 18.8964 14.72 0.215794
17.6656 18.824 14.72 0.215794
17.5932 18.7516 14.8 0.215794
17.5932 18.6792 14.8 0.215794
17.5208 18.6068 14.88 0.204778
17.5208 18.5344 14.88 0.215794
17.4484 18.462 14.96 0.215794
17.4484 18.3896 14.96 0.215794
17.4484 18.3172 15.04 0.16
17.376 18.2448 15.04 0.215794
17.376 18.1724 15.12 0.16
17.3036 18.1 15.12 0.215794
17.3036 18.0276 15.12 0.215794
17.3036 17.9552 15.2 0.215794
17.3036 17.8828 15.28 0.215794
17.2312 17.8104 15.36 0.215794
17.2312 17.738 15.44 0.215794
17.2312 17.6656 15.44 0.259873
17.2312 17.5932 15.52 0.259873
17.2312 17.5208 15.6 0.2896
17.2312 17.5208 15.68 0.259873
17.2312 17.4484 15.76 0.259873
17.2312 17.4484 15.84 0.259873
17.2312 17.376 15.92 0.259873
17.2312 17.3036 16 0.259873
17.2312 17.3036 16.08 0.204778
17.2312 17.2312 16.16 0.259873
17.3036 17.2312 16.24 0.215794
17.3036 17.1588 16.32 0.259873
17.3036 17.1588 16.4 0.215794
17.3036 17.0864 16.48 0.259873
17.376 17.0864 16.56 0.215794
17.4484 17.014 16.64 0.259873
17.4484 17.014 16.72 0.259873
17.4484 16.9416 16.8 0.259873
17.5208 16.9416 16.88 0.259873
17.5932 16.8692 16.96 0.259873
17.5932 16.8692 17.04 0.259873
17.5932 16.7968 17.12 0.2896
17.5932 16.7968 17.2 0.2896
17.5932 16.7244 17.28 0.323783
17.5932 16.7244 17.36 0.2896
17.5932 16.652 17.44 0.323783
17.5932 16.652 17.52 0.259873
17.5932 16.5796 17.6 0.2896
17.5932 16.5072 17.68 0.33086
17.5932 16.5072 17.76 0.351236
17.5932 16.4348 17.84 0.2896
17.5932 16.3624 17.92 0.259873
17.5208 16.29 18 0.2896
17.5932 16.29 18.08 0.259873
17.5932 16.2176 18.16 0.259873
17.5208 16.1452 18.24 0.2896
17.5208 16.1452 18.32 0.259873
17.5932 16.0728 18.4 0.259873
17.5208 16.0728 18.48 0.2896
17.5208 16.0004 18.56 0.259873
17.4484 16.0004 18.64 0.259873
17.4484 15.928 18.72 0.2896
17.4484 15.928 18.8 0.323783
17.4484 15.928 18.88 0.33086
17.4484 15.8556 18.96 0.361158
17.4484 15.8556 19.04 0.323783
17.376 15.8556 19.12 0.323783
17.3036 15.8556 19.2 0.2896
17.2312 15.7832 19.28 0.2896
17.2312 15.7832 19.36 0.259873
17.2312 15.7108 19.44 0.2896
17.2312 15.7108 19.52 0.259873
17.2312 15.6384 19.6 0.259873
17.2312 15.6384 19.68 0.2896
17.2312 15.6384 19.76 0.259873
17.2312 15.566 19.84 0.2896
17.2312 15.566 19.92 0.2896
17.2312 15.566 20 0.2896
17.2312 15.566 20.08 0.2896
17.2312 15.566 20.16 0.2896
17.3036 15.566 20.24 0.2896
17.3036 15.566 20.32 0.2896
17.376 15.566 20.4 0.2896
17.4484 15.566 20.48 0.259873
17.4484 15.566 20.56 0.2896
17.5208 15.566 20.64 0.259873
17.5208 15.566 20.72 0.2896
17.5208 15.566 20.8 0.2896
17.5208 15.566 20.88 0.323783
17.4484 15.6384 20.96 0.323783
17.376 15.7108 20.96 0.32
17.3036 15.7832 20.96 0.259873
17.2312 15.7832 20.96 0.32
17.1588 15.8556 20.96 0.215794
17.0864 15.928 20.88 0.32
17.014 16.0004 20.8 0.32
16.9416 16.0004 20.8 0.32
16.8692 16.0728 20.72 0.2896
16.7968 16.0728 20.64 0.32
16.7244 16.0728 20.64 0.259873
16.652 16.1452 20.64 0.215794
16.5796 16.0728 20.56 0.259873
16.5072 16.0728 20.56 0.259873
16.4348 16.0728 20.48 0.259873
16.3624 16.0728 20.48 0.32
16.29 16.0728 20.48 0.32
16.2176 16.0004 20.48 0.2896
16.1452 16.0004 20.48 0.32
16.0728 16.0004 20.48 0.259873
16.0004 15.928 20.48 0.259873
15.928 15.8556 20.56 0.259873
15.928 15.7832 20.56 0.32
15.8556 15.7108 20.64 0.259873
15.8556 15.6384 20.72 0.259873
15.928 15.566 20.8 0.259873
16.0004 15.4936 20.88 0.2896
16.0728 15.4212 20.96 0.2896
16.1452 15.4212 21.04 0.259873
16.2176 15.4212 21.12 0.259873
16.2176 15.4212 21.2 0.2896
16.29 15.4936 21.28 0.259873
16.29 15.4936 21.36 0.2896
16.29 15.4936 21.44 0.2896
16.29 15.566 21.52 0.2896
16.29 15.566 21.6 0.2896
16.2176 15.6384 21.68 0.323783
16.2176 15.6384 21.76 0.2896
16.1452 15.7108 21.84 0.2896
16.0728 15.7108 21.92 0.323783
16.0004 15.7832 22 0.2896
15.928 15.7832 22.08 0.259873
15.8556 15.8556 22.16 0.259873
15.7832 15.8556 22.16 0.323783
15.7108 15.928 22.24 0.351236
15.6384 16.0004 22.32 0.32
15.566 16.0004 22.32 0.351236
15.4936 16.0004 22.4 0.2896
15.4212 16.0728 22.4 0.33086
15.3488 16.0728 22.48 0.2896
15.2764 16.1452 22.48 0.32
15.204 16.2176 22.56 0.32
15.1316 16.29 22.56 0.32
15.1316 16.3624 22.56 0.32
15.0592 16.4348 22.64 0.259873
15.0592 16.5072 22.64 0.32
14.9868 16.5796 22.64 0.32
14.9868 16.652 22.64 0.32
14.9868 16.7244 22.64 0.351236
14.9868 16.7968 22.64 0.351236
14.9868 16.8692 22.64 0.33086
15.0592 16.9416 22.64 0.351236
15.1316 17.014 22.64 0.32
15.204 17.0864 22.64 0.259873
15.2764 17.1588 22.64 0.259873
15.3488 17.1588 22.64 0.259873
15.4212 17.2312 22.64 0.259873
15.4936 17.2312 22.64 0.259873
15.566 17.3036 22.64 0.204778
15.6384 17.3036 22.64 0.215794
15.7108 17.3036 22.64 0.215794
15.7832 17.3036 22.64 0.215794
15.8556 17.376 22.64 0.204778
15.928 17.376 22.64 0.2896
16.0004 17.376 22.64 0.259873
16.0728 17.4484 22.72 0.215794
16.1452 17.4484 22.72 0.32
16.2176 17.4484 22.72 0.32
16.29 17.376 22.8 0.2896
16.3624 17.4484 22.88 0.32
16.4348 17.376 22.88 0.351236
16.5072 17.376 22.96 0.2896
16.5796 17.376 22.96 0.259873
16.652 17.376 23.04 0.215794
16.7244 17.3036 23.04 0.215794
16.7244 17.2312 23.12 0.215794
16.7968 17.1588 23.2 0.215794
16.7968 17.0864 23.2 0.32
16.7968 17.014 23.28 0.351236
16.8692 16.9416 23.36 0.32
16.8692 16.8692 23.36 0.351236
16.9416 16.7968 23.44 0.32
16.9416 16.7244 23.44 0.32
17.014 16.652 23.44 0.32
17.0864 16.5796 23.52 0.32
17.0864 16.5072 23.52 0.33086
17.1588 16.4348 23.6 0.32
17.2312 16.3624 23.68 0.215794
17.3036 16.29 23.68 0.215794
17.376 16.2176 23.76 0.204778
17.376 16.1452 23.76 0.259873
17.4484 16.0728 23.84 0.32
17.5208 16.0004 23.92 0.259873
17.5208 15.928 24 0.259873
17.5208 15.8556 24 0.259873
17.5208 15.7832 24.08 0.259873
17.5932 15.7108 24.16 0.259873
17.5208 15.6384 24.24 0.259873
17.5208 15.566 24.32 0.259873
17.5932 15.566 24.4 0.215794
17.5932 15.4936 24.48 0.215794
17.5932 15.4212 24.56 0.259873
17.6656 15.4212 24.64 0.215794
17.6656 15.3488 24.72 0.215794
17.738 15.2764 24.8 0.259873
17.8104 15.2764 24.88 0.215794
17.8828 15.204 24.96 0.259873
17.9552 15.1316 25.04 0.259873
18.0276 15.204 25.12 0.215794
18.1 15.1316 25.12 0.259873
18.1724 15.1316 25.2 0.259873
18.2448 15.0592 25.28 0.215794
18.3172 15.0592 25.28 0.215794
18.3896 15.0592 25.36 0.215794
18.462 14.9868 25.36 0.215794
18.5344 15.0592 25.44 0.16
18.6068 14.9868 25.52 0.1448
18.6792 14.9144 25.52 0.215794
18.7516 14.9144 25.6 0.16
18.824 14.842 25.6 0.215794
18.8964 14.842 25.68 0.1448
18.9688 14.7696 25.76 0.204778
19.0412 14.7696 25.84 0.215794
19.1136 14.7696 25.92 0.215794
19.1136 14.7696 26 0.215794
19.186 14.6972 26.08 0.259873
19.186 14.6972 26.16 0.259873
19.1136 14.6248 26.24 0.2896
19.1136 14.6248 26.32 0.2896
19.0412 14.6248 26.4 0.351236
10 40
16.8692 14.7696 18.24 0.4344
16.7968 14.7696 18.24 0.4397
16.7244 14.842 18.24 0.431588
16.652 14.842 18.24 0.409556
16.5796 14.842 18.32 0.361158
16.5796 14.842 18.4 0.351236
16.5072 14.842 18.48 0.259873
16.4348 14.7696 18.56 0.33086
16.3624 14.6972 18.64 0.351236
16.29 14.6248 18.72 0.32
16.2176 14.6248 18.72 0.32
16.1452 14.6248 18.72 0.351236
16.0728 14.5524 18.72 0.351236
16.0004 14.6248 18.8 0.351236
15.928 14.6248 18.8 0.431588
15.8556 14.6248 18.8 0.431588
15.7832 14.6248 18.8 0.431588
15.7108 14.6248 18.8 0.431588
15.6384 14.6972 18.88 0.351236
15.566 14.6248 18.88 0.351236
15.4936 14.6248 18.88 0.431588
15.4212 14.6248 18.88 0.361158
15.3488 14.6248 18.96 0.33086
15.2764 14.6248 18.96 0.409556
15.204 14.6248 19.04 0.361158
15.204 14.6248 19.12 0.351236
15.1316 14.5524 19.2 0.323783
15.0592 14.5524 19.2 0.323783
14.9868 14.48 19.2 0.323783
14.9144 14.4076 19.28 0.2896
14.9144 14.3352 19.28 0.2896
14.9144 14.2628 19.36 0.2896
14.9144 14.1904 19.28 0.2896
14.9868 14.118 19.36 0.323783
15.0592 14.0456 19.36 0.323783
15.1316 14.0456 19.36 0.33086
15.204 13.9732 19.36 0.323783
15.2764 14.0456 19.44 0.32
15.3488 14.0456 19.44 0.32
15.4212 14.0456 19.44 0.32
11 64
16.9416 14.7696 18.32 0.4344
16.9416 14.7696 18.4 0.431588
17.014 14.6972 18.48 0.409556
17.0864 14.6972 18.48 0.431588
17.1588 14.6248 18.56 0.431588
17.2312 14.6248 18.64 0.379913
17.3036 14.5524 18.72 0.33086
17.376 14.48 18.8 0.323783
17.4484 14.5524 18.88 0.2896
17.376 14.48 18.96 0.33086
17.376 14.48 19.04 0.431588
17.3036 14.48 19.12 0.431588
17.2312 14.5524 19.2 0.431588
17.1588 14.5524 19.28 0.431588
17.0864 14.5524 19.28 0.379913
17.014 14.5524 19.36 0.431588
16.9416 14.5524 19.36 0.431588
16.8692 14.5524 19.36 0.379913
16.7968 14.5524 19.44 0.351236
16.7244 14.5524 19.44 0.431588
16.652 14.5524 19.44 0.379913
16.5796 14.6248 19.44 0.351236
16.5072 14.6248 19.44 0.351236
16.4348 14.6248 19.36 0.379913
16.3624 14.6972 19.36 0.351236
16.29 14.6972 19.36 0.351236
16.2176 14.6972 19.36 0.379913
16.1452 14.7696 19.36 0.351236
16.0728 14.7696 19.36 0.351236
16.0004 14.842 19.36 0.351236
15.928 14.9144 19.36 0.32
15.8556 14.9144 19.36 0.351236
15.7832 14.9868 19.36 0.351236
15.7108 14.9868 19.36 0.431588
15.6384 15.0592 19.44 0.431588
15.566 15.0592 19.44 0.431588
15.4936 15.0592 19.52 0.431588
15.4936 15.1316 19.6 0.431588
15.4212 15.1316 19.68 0.409556
15.4212 15.1316 19.76 0.409556
15.4212 15.1316 19.84 0.409556
15.4212 15.1316 19.92 0.409556
15.3488 15.0592 20 0.409556
15.3488 15.0592 20.08 0.409556
15.3488 14.9868 20.16 0.409556
15.3488 14.9868 20.24 0.409556
15.4212 14.9868 20.32 0.431588
15.4212 14.9144 20.4 0.4397
15.4212 14.842 20.48 0.409556
15.4936 14.842 20.56 0.431588
15.4936 14.7696 20.64 0.431588
15.4936 14.7696 20.72 0.431588
15.4936 14.6972 20.8 0.409556
15.566 14.6248 20.88 0.409556
15.566 14.6248 20.96 0.431588
15.6384 14.5524 21.04 0.431588
15.6384 14.5524 21.12 0.431588
15.7108 14.48 21.2 0.431588
15.7108 14.4076 21.28 0.409556
15.7832 14.4076 21.36 0.361158
15.7832 14.3352 21.44 0.409556
15.8556 14.3352 21.52 0.431588
15.8556 14.2628 21.6 0.409556
15.928 14.2628 21.68 0.409556
12 89
20.4892 26.788 3.6 2.25256
20.4892 26.788 3.68 2.25256
20.5616 26.788 3.76 2.2791
20.4892 26.7156 3.84 2.0335
20.4892 26.7156 3.92 2.14723
20.4168 26.6432 4 1.94263
20.4168 26.6432 4.08 2.0638
20.4168 26.6432 4.16 1.96857
20.4168 26.5708 4.24 1.98516
20.4168 26.5708 4.32 1.93471
20.4892 26.5708 4.4 1.94263
20.4168 26.4984 4.48 2.14723
20.4168 26.4984 4.56 1.93124
20.3444 26.426 4.64 2.04851
20.3444 26.426 4.72 2.15261
20.4168 26.426 4.8 2.04338
20.3444 26.3536 4.88 2.14723
20.4168 26.3536 4.96 1.98516
20.4892 26.3536 4.96 1.98516
20.5616 26.3536 4.96 1.99043
20.634 26.3536 5.04 1.93471
20.5616 26.2812 5.12 2.25766
20.4892 26.2088 5.2 2.2791
20.5616 26.1364 5.28 2.37373
20.634 26.064 5.36 2.37373
20.5616 25.9916 5.44 2.40481
20.634 25.9192 5.52 2.37815
20.7064 25.9192 5.52 2.37373
20.7788 25.8468 5.6 2.37373
20.7064 25.7744 5.68 2.3205
20.634 25.702 5.68 2.37815
20.7064 25.6296 5.76 2.37373
20.7788 25.5572 5.76 2.37373
20.8512 25.4848 5.84 2.37815
20.9236 25.4124 5.92 2.3182
20.8512 25.34 5.92 2.32502
20.9236 25.2676 6 2.2588
20.8512 25.1952 6 2.32627
20.8512 25.1228 6 2.23901
20.8512 25.0504 6.08 2.3205
20.7788 24.978 6.08 2.32502
20.7788 24.9056 6.16 2.2837
20.7788 24.8332 6.16 2.37815
20.7064 24.7608 6.16 2.2202
20.7064 24.6884 6.24 2.20903
20.7788 24.616 6.24 2.15619
20.8512 24.5436 6.32 2.39133
20.8512 24.4712 6.4 2.32013
20.8512 24.3988 6.4 2.41315
20.7788 24.3264 6.4 2.31835
20.7064 24.3264 6.4 2.49468
20.634 24.254 6.4 2.58953
20.7064 24.1816 6.48 2.58953
20.7788 24.1092 6.48 2.56
20.7788 24.0368 6.48 2.56
20.7788 23.9644 6.48 2.56
20.7788 23.892 6.48 2.56
20.7788 23.8196 6.48 2.44338
20.8512 23.7472 6.48 2.3541
20.8512 23.6748 6.48 2.3541
20.8512 23.6024 6.48 2.3541
20.8512 23.53 6.48 2.38413
20.9236 23.4576 6.48 2.40436
20.9236 23.3852 6.48 2.4
20.996 23.3128 6.48 2.4
20.996 23.2404 6.48 2.4
20.996 23.168 6.48 2.37815
20.9236 23.0956 6.56 2.37373
20.9236 23.0232 6.56 2.37373
20.9236 22.9508 6.56 2.37373
20.9236 22.8784 6.56 2.2837
20.9236 22.806 6.56 2.2791
20.9236 22.7336 6.56 2.37373
20.9236 22.6612 6.56 2.25864
20.996 22.5888 6.48 2.24239
20.9236 22.5164 6.48 2.37373
20.8512 22.444 6.48 2.2837
20.8512 22.3716 6.48 2.29743
20.7788 22.2992 6.48 2.23263
20.7064 22.2268 6.48 2.18517
20.7064 22.1544 6.48 2.28173
20.7064 22.082 6.48 2.25864
20.7064 22.0096 6.4 2.26138
20.634 21.9372 6.4 2.2202
20.634 21.8648 6.4 2.4
20.5616 21.7924 6.4 2.33886
20.4892 21.72 6.4 2.4
20.4892 21.6476 6.4 2.26328
20.4168 21.5752 6.32 2.33886
13 63
20.4168 21.5752 6.32 2.33886
20.4892 21.5028 6.4 2.24468
20.4892 21.4304 6.48 2.08503
20.4168 21.358 6.56 1.92545
20.4168 21.2856 6.64 1.8481
20.4892 21.2132 6.72 1.63243
20.4892 21.1408 6.8 1.547
20.5616 21.0684 6.88 1.51056
20.5616 20.996 6.96 1.33363
20.5616 20.9236 7.04 1.29476
20.5616 20.8512 7.12 1.12661
20.5616 20.8512 7.2 1.04405
20.5616 20.8512 7.28 0.980841
20.634 20.8512 7.36 0.902928
20.634 20.8512 7.44 0.859348
20.634 20.8512 7.52 0.844322
20.634 20.8512 7.6 0.844322
20.7064 20.7788 7.68 0.927172
20.7064 20.7788 7.76 0.927172
20.7064 20.7788 7.84 0.927172
20.7788 20.7064 7.92 0.8688
20.7064 20.7064 8 0.949392
20.7064 20.7064 8.08 0.842878
20.634 20.7064 8.16 0.949392
20.5616 20.7064 8.24 0.879401
20.5616 20.7788 8.32 0.819112
20.5616 20.7788 8.4 0.766055
20.634 20.7788 8.48 0.755475
20.634 20.7788 8.56 0.741469
20.634 20.7788 8.64 0.724
20.634 20.7788 8.72 0.724
20.634 20.7788 8.8 0.724
20.5616 20.8512 8.88 0.724
20.634 20.7788 8.96 0.692681
20.634 20.7064 9.04 0.667039
20.5616 20.7788 9.12 0.724
20.4892 20.8512 9.2 0.661719
20.4892 20.7788 9.28 0.647565
20.4892 20.7788 9.36 0.634828
20.4168 20.7788 9.44 0.612349
20.4168 20.7788 9.52 0.692681
20.4168 20.7788 9.6 0.618094
20.4168 20.7788 9.68 0.597026
20.4168 20.7788 9.76 0.618094
20.4168 20.7788 9.84 0.677377
20.4168 20.7788 9.92 0.647565
20.4168 20.7064 10 0.752245
20.4168 20.7064 10.08 0.724
20.4168 20.634 10.16 0.724
20.4168 20.634 10.24 0.724
20.4168 20.634 10.32 0.667039
20.4892 20.634 10.4 0.77962
20.4892 20.634 10.48 0.709205
20.5616 20.5616 10.56 0.692681
20.5616 20.4892 10.64 0.77962
20.4892 20.4168 10.72 0.709205
20.5616 20.4168 10.8 0.709205
20.634 20.3444 10.88 0.77962
20.634 20.272 10.88 0.717241
20.634 20.1996 10.96 0.741469
20.634 20.1272 11.04 0.875237
20.634 20.0548 11.12 0.834593
20.7064 19.9824 11.2 0.863176
14 35
22.0096 15.566 17.52 0.966321
22.0096 15.4936 17.52 0.875237
22.0096 15.4212 17.52 0.77962
22.0096 15.3488 17.52 0.709205
22.0096 15.2764 17.52 0.647382
22.0096 15.204 17.52 0.53954
22.0096 15.1316 17.6 0.48
22.0096 15.0592 17.6 0.48
22.0096 14.9868 17.6 0.455231
22.082 14.9144 17.68 0.379913
22.082 14.842 17.68 0.455231
22.082 14.7696 17.68 0.431588
22.082 14.6972 17.76 0.409556
22.1544 14.6248 17.84 0.431588
22.1544 14.5524 17.92 0.431588
22.1544 14.48 18 0.431588
22.1544 14.48 18.08 0.409556
22.1544 14.48 18.16 0.409556
22.1544 14.4076 18.24 0.361158
22.1544 14.4076 18.32 0.409556
22.1544 14.4076 18.4 0.409556
22.1544 14.4076 18.48 0.409556
22.2268 14.4076 18.56 0.361158
22.1544 14.3352 18.64 0.409556
22.1544 14.3352 18.72 0.409556
22.2268 14.4076 18.8 0.409556
22.2268 14.4076 18.88 0.409556
22.2268 14.4076 18.96 0.409556
22.2268 14.4076 19.04 0.409556
22.2268 14.4076 19.12 0.409556
22.1544 14.4076 19.2 0.409556
22.1544 14.4076 19.28 0.409556
22.1544 14.4076 19.36 0.361158
22.082 14.48 19.44 0.431588
22.0096 14.48 19.52 0.409556
15 210
22.0096 15.566 17.52 0.966321
22.0096 15.6384 17.6 0.834593
22.0096 15.6384 17.68 0.825937
22.0096 15.7108 17.76 0.77962
22.082 15.7108 17.84 0.77962
22.1544 15.7108 17.92 0.692681
22.2268 15.7108 18 0.647565
22.2268 15.7108 18.08 0.709205
22.2268 15.7108 18.16 0.647382
22.2268 15.6384 18.24 0.614334
22.2992 15.6384 18.32 0.53954
22.2992 15.6384 18.4 0.519746
22.2992 15.566 18.48 0.457898
22.3716 15.566 18.56 0.457898
22.3716 15.566 18.64 0.4344
22.3716 15.566 18.72 0.361158
22.3716 15.4936 18.8 0.409556
22.2992 15.4936 18.88 0.431588
22.2992 15.4936 18.96 0.4344
22.2992 15.4212 19.04 0.431588
22.2268 15.4212 19.12 0.455231
22.1544 15.4212 19.2 0.455231
22.082 15.4212 19.2 0.519746
22.0096 15.3488 19.28 0.519746
21.9372 15.2764 19.36 0.519746
21.8648 15.2764 19.44 0.53954
21.7924 15.204 19.52 0.647382
21.72 15.204 19.6 0.634828
21.72 15.204 19.68 0.614334
21.6476 15.204 19.76 0.614334
21.6476 15.1316 19.84 0.614334
21.6476 15.1316 19.92 0.614334
21.6476 15.1316 20 0.546051
21.6476 15.1316 20.08 0.522084
21.6476 15.0592 20.16 0.522084
21.6476 15.0592 20.24 0.522084
21.6476 15.0592 20.32 0.522084
21.6476 15.0592 20.4 0.519746
21.5752 14.9868 20.48 0.4344
21.5752 14.9868 20.56 0.431588
21.5752 14.9144 20.64 0.409556
21.5752 14.9144 20.72 0.33086
21.5752 14.9144 20.8 0.2896
21.5752 14.842 20.88 0.323783
21.5752 14.842 20.96 0.323783
21.5752 14.842 21.04 0.2896
21.5752 14.7696 21.12 0.323783
21.5752 14.7696 21.2 0.2896
21.6476 14.6972 21.28 0.2896
21.6476 14.6972 21.36 0.33086
21.6476 14.6972 21.44 0.2896
21.6476 14.6972 21.52 0.2896
21.72 14.6248 21.6 0.33086
21.72 14.6972 21.68 0.323783
21.72 14.6972 21.76 0.323783
21.72 14.6972 21.84 0.409556
21.72 14.6972 21.92 0.409556
21.72 14.6972 22 0.409556
21.72 14.6972 22.08 0.409556
21.72 14.6972 22.16 0.33086
21.72 14.7696 22.24 0.409556
21.72 14.7696 22.32 0.409556
21.72 14.7696 22.4 0.409556
21.72 14.7696 22.48 0.409556
21.72 14.7696 22.56 0.323783
21.72 14.842 22.64 0.33086
21.72 14.842 22.72 0.323783
21.6476 14.842 22.8 0.323783
21.6476 14.842 22.88 0.361158
21.6476 14.842 22.96 0.409556
21.6476 14.842 23.04 0.409556
21.6476 14.842 23.12 0.409556
21.6476 14.842 23.2 0.323783
21.6476 14.842 23.28 0.323783
21.5752 14.842 23.36 0.361158
21.5752 14.842 23.44 0.409556
21.5752 14.842 23.52 0.409556
21.5028 14.842 23.6 0.409556
21.5028 14.842 23.68 0.409556
21.4304 14.7696 23.76 0.361158
21.358 14.7696 23.84 0.431588
21.2856 14.6972 23.92 0.379913
21.2132 14.6972 24 0.351236
21.1408 14.6248 24.08 0.431588
21.0684 14.5524 24.16 0.409556
20.996 14.48 24.24 0.351236
20.9236 14.48 24.24 0.431588
20.8512 14.4076 24.32 0.379913
20.7788 14.3352 24.4 0.431588
20.7064 14.3352 24.48 0.361158
20.7064 14.3352 24.56 0.323783
20.7064 14.3352 24.64 0.323783
20.7064 14.3352 24.72 0.409556
20.7064 14.3352 24.8 0.409556
20.7788 14.3352 24.88 0.361158
20.7788 14.4076 24.96 0.361158
20.8512 14.4076 25.04 0.379913
20.9236 14.48 25.12 0.361158
20.996 14.48 25.2 0.351236
21.0684 14.5524 25.2 0.431588
21.1408 14.6248 25.28 0.33086
21.2132 14.6248 25.28 0.379913
21.2856 14.6248 25.28 0.431588
21.358 14.6972 25.28 0.379913
21.4304 14.6972 25.36 0.33086
21.5028 14.7696 25.36 0.431588
21.5752 14.842 25.44 0.351236
21.6476 14.9144 25.52 0.33086
21.72 14.9144 25.52 0.379913
21.7924 14.9868 25.6 0.379913
21.7924 14.9868 25.68 0.409556
21.7924 14.9868 25.76 0.409556
21.7924 14.9868 25.84 0.409556
21.7924 14.9868 25.92 0.4397
21.7924 14.9868 26 0.431588
21.72 14.9144 26.08 0.431588
21.6476 14.842 26.16 0.379913
21.5752 14.7696 26.24 0.379913
21.5028 14.6972 26.32 0.361158
21.4304 14.6248 26.32 0.361158
21.358 14.5524 26.32 0.361158
21.2856 14.48 26.32 0.361158
21.2132 14.48 26.32 0.33086
21.1408 14.4076 26.32 0.361158
21.0684 14.3352 26.32 0.431588
20.996 14.3352 26.32 0.361158
20.9236 14.2628 26.32 0.351236
20.8512 14.1904 26.32 0.32
20.7788 14.1904 26.32 0.32
20.7064 14.118 26.32 0.32
20.634 14.0456 26.32 0.32
20.5616 13.9732 26.24 0.32
20.4892 13.9008 26.32 0.32
20.4168 13.8284 26.32 0.32
20.4168 13.756 26.32 0.32
20.3444 13.6836 26.32 0.32
20.3444 13.6112 26.32 0.32
20.272 13.5388 26.32 0.32
20.1996 13.4664 26.32 0.259873
20.1996 13.394 26.32 0.215794
20.1996 13.3216 26.32 0.215794
20.1272 13.2492 26.4 0.215794
20.1272 13.1768 26.4 0.215794
20.0548 13.1044 26.48 0.259873
19.9824 13.032 26.56 0.351236
19.9824 12.9596 26.64 0.33086
19.91 12.9596 26.72 0.33086
19.91 12.8872 26.8 0.431588
19.8376 12.8872 26.88 0.351236
19.7652 12.8872 26.96 0.323783
19.6928 12.8148 27.04 0.2896
19.6928 12.8872 27.12 0.259873
19.6204 12.8872 27.2 0.259873
19.6204 12.9596 27.28 0.215794
19.548 12.9596 27.36 0.215794
19.4756 12.9596 27.44 0.215794
19.4756 12.8872 27.52 0.2896
19.4032 12.9596 27.6 0.259873
19.4032 12.9596 27.68 0.2896
19.4032 12.9596 27.76 0.259873
19.3308 13.032 27.84 0.215794
19.3308 13.032 27.92 0.259873
19.2584 12.9596 28 0.351236
19.186 12.9596 28.08 0.48
19.1136 12.8872 28.16 0.560596
19.1136 12.8148 28.16 0.462929
19.1136 12.7424 28.16 0.501365
19.1136 12.67 28.16 0.4397
19.186 12.5976 28.16 0.455231
19.186 12.5252 28.16 0.455231
19.2584 12.4528 28.08 0.48
19.3308 12.3804 28.08 0.48
19.3308 12.308 28.08 0.48
19.4032 12.2356 28.08 0.48
19.4756 12.2356 28.08 0.48
19.548 12.1632 28.08 0.48
19.6204 12.0908 28.08 0.48
19.6204 12.0184 28.08 0.431588
19.6928 11.946 28.16 0.431588
19.6204 11.8736 28.16 0.33086
19.6204 11.8012 28.24 0.323783
19.548 11.7288 28.32 0.323783
19.4756 11.6564 28.24 0.32
19.4032 11.6564 28.32 0.2896
19.3308 11.6564 28.4 0.33086
19.2584 11.6564 28.4 0.33086
19.186 11.6564 28.4 0.323783
19.1136 11.7288 28.48 0.32
19.1136 11.8012 28.48 0.351236
19.0412 11.8736 28.48 0.351236
18.9688 11.946 28.56 0.323783
18.9688 12.0184 28.56 0.351236
18.9688 12.0908 28.64 0.2896
18.8964 12.1632 28.64 0.323783
18.9688 12.2356 28.64 0.32
18.9688 12.308 28.72 0.32
18.9688 12.3804 28.72 0.351236
18.9688 12.4528 28.8 0.32
18.9688 12.5252 28.8 0.32
18.9688 12.5976 28.8 0.32
18.9688 12.67 28.88 0.33086
18.9688 12.7424 28.88 0.33086
19.0412 12.8148 28.96 0.32
19.1136 12.8872 28.96 0.259873
19.1136 12.9596 29.04 0.259873
19.1136 13.032 29.12 0.33086
19.186 13.032 29.2 0.33086
19.2584 13.1044 29.28 0.259873
19.2584 13.1044 29.36 0.2896
19.3308 13.032 29.44 0.33086
16 311
20.7064 19.9824 11.2 0.863176
20.634 20.0548 11.28 0.709205
20.5616 20.1272 11.36 0.560596
20.4892 20.1272 11.44 0.4397
20.4892 20.1272 11.52 0.351236
20.4168 20.1996 11.6 0.33086
20.4168 20.272 11.68 0.2896
20.4168 20.272 11.76 0.2896
20.4168 20.3444 11.84 0.323783
20.4892 20.4168 11.92 0.351236
20.5616 20.4892 12 0.32
20.5616 20.5616 12 0.32
20.634 20.634 12 0.351236
20.7064 20.7064 12 0.351236
20.7788 20.7064 12 0.323783
20.8512 20.7788 12 0.32
20.9236 20.8512 12 0.32
20.996 20.8512 12 0.32
21.0684 20.9236 12.08 0.32
21.1408 20.9236 12.08 0.32
21.2132 20.9236 12.08 0.32
21.2856 20.9236 12.08 0.32
21.358 20.9236 12.08 0.32
21.4304 20.9236 12.16 0.351236
21.5028 20.9236 12.16 0.32
21.5752 20.9236 12.24 0.351236
21.6476 20.8512 12.32 0.2896
21.6476 20.8512 12.4 0.215794
21.6476 20.7788 12.48 0.215794
21.5752 20.7064 12.56 0.259873
21.5752 20.634 12.56 0.32
21.5028 20.5616 12.56 0.32
21.4304 20.4892 12.64 0.2896
21.4304 20.4168 12.64 0.32
21.358 20.3444 12.64 0.259873
21.2856 20.272 12.72 0.259873
21.2132 20.1996 12.72 0.259873
21.1408 20.1272 12.64 0.32
21.1408 20.0548 12.64 0.259873
21.0684 19.9824 12.64 0.259873
21.0684 19.91 12.72 0.259873
21.0684 19.8376 12.72 0.259873
21.1408 19.7652 12.8 0.259873
21.2132 19.6928 12.88 0.215794
21.2856 19.7652 12.96 0.204778
21.358 19.7652 13.04 0.259873
21.4304 19.7652 13.12 0.323783
21.4304 19.8376 13.2 0.2896
21.5028 19.8376 13.28 0.323783
21.5028 19.91 13.36 0.2896
21.5028 19.9824 13.44 0.2896
21.4304 20.0548 13.52 0.323783
21.358 20.1272 13.6 0.204778
21.358 20.1996 13.68 0.215794
21.2856 20.1996 13.76 0.259873
21.2856 20.1996 13.84 0.259873
21.2856 20.1272 13.92 0.33086
21.2132 20.1272 14 0.2896
21.2132 20.0548 14.08 0.323783
21.2132 20.0548 14.16 0.259873
21.2132 19.9824 14.24 0.259873
21.1408 19.91 14.32 0.259873
21.1408 19.8376 14.4 0.259873
21.0684 19.7652 14.48 0.2896
21.0684 19.6928 14.56 0.2896
21.0684 19.6204 14.56 0.2896
21.0684 19.548 14.64 0.259873
21.0684 19.4756 14.72 0.259873
21.1408 19.4032 14.72 0.2896
21.1408 19.3308 14.8 0.2896
21.1408 19.2584 14.88 0.259873
21.1408 19.186 14.88 0.351236
21.1408 19.1136 14.96 0.33086
21.2132 19.0412 15.04 0.259873
21.1408 18.9688 15.04 0.2896
21.2132 18.8964 15.12 0.351236
21.2132 18.824 15.2 0.33086
21.2132 18.7516 15.28 0.323783
21.2856 18.6792 15.36 0.351236
21.2856 18.6068 15.44 0.33086
21.2856 18.5344 15.44 0.361158
21.2856 18.462 15.52 0.323783
21.2856 18.3896 15.6 0.33086
21.2856 18.3172 15.6 0.33086
21.2132 18.2448 15.68 0.351236
21.2132 18.1724 15.76 0.32
21.2132 18.1 15.76 0.32
21.1408 18.0276 15.84 0.259873
21.1408 17.9552 15.92 0.215794
21.0684 17.8828 16 0.259873
20.996 17.8104 16.08 0.2896
20.996 17.738 16.16 0.33086
20.9236 17.6656 16.24 0.351236
20.9236 17.5932 16.32 0.33086
20.9236 17.5208 16.4 0.33086
20.8512 17.5208 16.48 0.323783
20.8512 17.4484 16.56 0.431588
20.8512 17.4484 16.64 0.33086
20.8512 17.376 16.72 0.33086
20.7788 17.376 16.8 0.33086
20.7788 17.3036 16.88 0.33086
20.7788 17.3036 16.96 0.2896
20.7788 17.3036 17.04 0.2896
20.7788 17.3036 17.12 0.2896
20.7788 17.3036 17.2 0.259873
20.7788 17.2312 17.28 0.323783
20.7064 17.2312 17.36 0.2896
20.7064 17.1588 17.44 0.323783
20.7064 17.1588 17.52 0.361158
20.7064 17.0864 17.6 0.2896
20.7064 17.0864 17.68 0.33086
20.7064 17.0864 17.76 0.323783
20.7788 17.014 17.84 0.409556
20.7788 17.014 17.92 0.33086
20.8512 16.9416 18 0.33086
20.7788 16.9416 18.08 0.323783
20.8512 16.8692 18.16 0.323783
20.8512 16.7968 18.24 0.323783
20.9236 16.7968 18.32 0.323783
20.9236 16.7968 18.4 0.33086
20.9236 16.7244 18.48 0.323783
20.9236 16.7968 18.56 0.2896
20.9236 16.7968 18.64 0.259873
20.8512 16.7968 18.72 0.259873
20.7788 16.7968 18.8 0.32
20.7064 16.7968 18.8 0.2896
20.634 16.8692 18.88 0.32
20.5616 16.8692 18.88 0.32
20.4892 16.8692 18.88 0.32
20.4168 16.8692 18.88 0.32
20.3444 16.8692 18.88 0.32
20.272 16.7968 18.8 0.323783
20.1996 16.7968 18.8 0.431588
20.1272 16.7244 18.8 0.33086
20.1272 16.652 18.72 0.33086
20.1272 16.5796 18.72 0.351236
20.0548 16.5072 18.8 0.2896
20.0548 16.4348 18.8 0.2896
20.0548 16.3624 18.8 0.2896
20.1272 16.29 18.8 0.259873
20.1272 16.2176 18.8 0.2896
20.1996 16.1452 18.88 0.2896
20.272 16.1452 18.96 0.2896
20.3444 16.1452 19.04 0.2896
20.3444 16.1452 19.12 0.2896
20.4168 16.1452 19.2 0.2896
20.4892 16.2176 19.28 0.2896
20.5616 16.2176 19.36 0.323783
20.634 16.2176 19.44 0.409556
20.634 16.2176 19.52 0.323783
20.7064 16.2176 19.6 0.409556
20.7064 16.2176 19.68 0.361158
20.7064 16.2176 19.76 0.323783
20.7788 16.2176 19.84 0.323783
20.7788 16.2176 19.92 0.323783
20.7788 16.2176 20 0.323783
20.7788 16.2176 20.08 0.323783
20.7788 16.2176 20.16 0.2896
20.7788 16.2176 20.24 0.2896
20.7788 16.1452 20.32 0.323783
20.7064 16.1452 20.4 0.323783
20.7064 16.1452 20.48 0.323783
20.634 16.1452 20.56 0.2896
20.5616 16.0728 20.64 0.351236
20.4892 16.0728 20.72 0.361158
20.4168 16.0728 20.8 0.323783
20.4168 16.0728 20.88 0.323783
20.3444 16.1452 20.96 0.259873
20.3444 16.0728 21.04 0.2896
20.3444 16.1452 21.12 0.259873
20.4168 16.2176 21.2 0.215794
20.4892 16.29 21.28 0.259873
20.5616 16.3624 21.28 0.259873
20.634 16.4348 21.28 0.259873
20.7064 16.5072 21.2 0.2896
20.7788 16.5072 21.2 0.2896
20.8512 16.5796 21.28 0.32
20.9236 16.5796 21.28 0.32
20.996 16.5796 21.28 0.32
21.0684 16.5796 21.28 0.32
21.1408 16.5796 21.28 0.32
21.2132 16.5796 21.28 0.32
21.2856 16.5796 21.28 0.32
21.358 16.5796 21.28 0.32
21.4304 16.5796 21.28 0.32
21.5028 16.5072 21.28 0.32
21.5752 16.5072 21.28 0.32
21.6476 16.5072 21.28 0.351236
21.72 16.5072 21.28 0.351236
21.7924 16.4348 21.36 0.33086
21.8648 16.3624 21.44 0.351236
21.8648 16.29 21.52 0.351236
21.7924 16.2176 21.6 0.323783
21.72 16.1452 21.68 0.323783
21.6476 16.0728 21.76 0.351236
21.5752 16.0728 21.84 0.323783
21.5028 16.0004 21.92 0.33086
21.4304 16.0004 22 0.33086
21.358 16.0004 22.08 0.33086
21.2856 16.0728 22.16 0.2896
21.2856 16.0728 22.24 0.33086
21.2132 16.0728 22.32 0.323783
21.2132 16.0728 22.4 0.323783
21.2132 16.0728 22.48 0.323783
21.2132 16.1452 22.56 0.2896
21.2856 16.1452 22.64 0.33086
21.2856 16.2176 22.72 0.33086
21.358 16.1452 22.8 0.33086
21.358 16.2176 22.88 0.323783
21.358 16.29 22.96 0.2896
21.4304 16.2176 23.04 0.323783
21.4304 16.29 23.12 0.33086
21.5028 16.29 23.2 0.361158
21.5752 16.3624 23.28 0.351236
21.5752 16.3624 23.36 0.33086
21.6476 16.3624 23.44 0.351236
21.72 16.3624 23.44 0.351236
21.7924 16.4348 23.44 0.361158
21.8648 16.5072 23.52 0.431588
21.9372 16.5796 23.52 0.409556
22.0096 16.652 23.52 0.379913
22.0096 16.7244 23.52 0.431588
22.0096 16.7968 23.52 0.351236
22.0096 16.8692 23.52 0.351236
22.0096 16.9416 23.44 0.379913
22.0096 17.014 23.44 0.431588
21.9372 17.0864 23.36 0.361158
21.8648 17.1588 23.36 0.409556
21.7924 17.2312 23.28 0.409556
21.72 17.3036 23.2 0.361158
21.6476 17.3036 23.2 0.33086
21.5752 17.3036 23.2 0.33086
21.5028 17.3036 23.12 0.323783
21.4304 17.3036 23.12 0.2896
21.358 17.376 23.04 0.32
21.2856 17.376 23.04 0.32
21.2132 17.376 23.04 0.2896
21.1408 17.4484 23.04 0.32
21.0684 17.5208 23.04 0.32
20.996 17.5208 23.04 0.32
20.9236 17.5208 23.04 0.32
20.8512 17.5208 23.04 0.32
20.7788 17.5208 23.12 0.32
20.7064 17.5208 23.12 0.32
20.634 17.5208 23.12 0.32
20.5616 17.5208 23.12 0.33086
20.4892 17.5932 23.12 0.351236
20.4168 17.5932 23.12 0.431588
20.3444 17.5932 23.12 0.409556
20.272 17.6656 23.2 0.351236
20.1996 17.6656 23.2 0.431588
20.1272 17.6656 23.28 0.361158
20.0548 17.6656 23.36 0.33086
19.9824 17.5932 23.44 0.431588
19.91 17.5932 23.52 0.431588
19.8376 17.5208 23.6 0.431588
19.8376 17.4484 23.68 0.431588
19.7652 17.376 23.76 0.431588
19.7652 17.3036 23.76 0.501365
19.7652 17.2312 23.76 0.48
19.6928 17.1588 23.84 0.4344
19.6928 17.0864 23.84 0.48
19.6928 17.014 23.84 0.48
19.6928 16.9416 23.84 0.48
19.6928 16.8692 23.84 0.431588
19.6928 16.7968 23.84 0.431588
19.6928 16.7244 23.84 0.33086
19.6928 16.652 23.92 0.32
19.6204 16.5796 23.92 0.351236
19.548 16.5072 23.92 0.32
19.548 16.4348 23.92 0.32
19.4756 16.3624 24 0.351236
19.4032 16.29 24 0.2896
19.4032 16.2176 24.08 0.2896
19.4032 16.1452 24.16 0.2896
19.3308 16.0728 24.24 0.259873
19.3308 16.0004 24.24 0.33086
19.3308 15.928 24.32 0.2896
19.2584 15.8556 24.4 0.33086
19.186 15.7832 24.48 0.259873
19.186 15.7832 24.56 0.204778
19.1136 15.7108 24.64 0.204778
19.0412 15.6384 24.72 0.2896
19.0412 15.566 24.8 0.2896
18.9688 15.566 24.88 0.259873
18.9688 15.4936 24.96 0.259873
18.8964 15.4212 25.04 0.2896
18.8964 15.3488 25.12 0.259873
18.8964 15.3488 25.2 0.259873
18.8964 15.2764 25.28 0.2896
18.8964 15.2764 25.36 0.259873
18.8964 15.2764 25.44 0.204778
18.8964 15.2764 25.52 0.204778
18.8964 15.204 25.6 0.204778
18.8964 15.204 25.68 0.204778
18.9688 15.204 25.76 0.1448
18.9688 15.204 25.84 0.1448
18.9688 15.204 25.92 0.1448
18.9688 15.204 26 0.1448
18.9688 15.204 26.08 0.215794
19.0412 15.204 26.16 0.215794
19.0412 15.204 26.24 0.259873
19.1136 15.204 26.32 0.215794
19.1136 15.1316 26.4 0.259873
19.1136 15.0592 26.48 0.259873
19.1136 14.9868 26.48 0.2896
19.186 14.9144 26.48 0.259873
19.1136 14.842 26.56 0.259873
19.1136 14.7696 26.56 0.32
19.1136 14.6972 26.48 0.351236
19.0412 14.6248 26.4 0.351236
17 46
19.0412 14.6248 26.4 0.351236
19.0412 14.5524 26.48 0.431588
18.9688 14.48 26.48 0.351236
18.8964 14.4076 26.48 0.351236
18.824 14.4076 26.48 0.32
18.7516 14.4076 26.48 0.32
18.6792 14.4076 26.48 0.32
18.6068 14.3352 26.48 0.32
18.5344 14.3352 26.48 0.32
18.462 14.3352 26.48 0.32
18.3896 14.2628 26.48 0.32
18.3172 14.2628 26.56 0.32
18.2448 14.2628 26.56 0.351236
18.1724 14.2628 26.56 0.323783
18.1 14.1904 26.56 0.351236
18.0276 14.1904 26.56 0.351236
17.9552 14.1904 26.64 0.32
17.8828 14.1904 26.64 0.2896
17.8104 14.118 26.64 0.351236
17.738 14.118 26.72 0.33086
17.6656 14.118 26.72 0.351236
17.5932 14.118 26.8 0.351236
17.5208 14.118 26.8 0.351236
17.4484 14.118 26.88 0.323783
17.376 14.118 26.96 0.2896
17.3036 14.0456 27.04 0.33086
17.2312 14.0456 27.12 0.323783
17.2312 14.0456 27.2 0.351236
17.1588 13.9732 27.28 0.33086
17.1588 13.9732 27.36 0.323783
17.0864 13.9732 27.44 0.33086
17.0864 13.9008 27.52 0.323783
17.1588 13.9008 27.6 0.2896
17.1588 13.8284 27.68 0.2896
17.1588 13.8284 27.76 0.323783
17.1588 13.8284 27.84 0.323783
17.2312 13.756 27.92 0.323783
17.2312 13.756 28 0.33086
17.3036 13.6836 28.08 0.33086
17.3036 13.6836 28.16 0.323783
17.376 13.6836 28.24 0.33086
17.4484 13.6836 28.32 0.2896
17.5208 13.6836 28.4 0.323783
17.5932 13.756 28.48 0.351236
17.5932 13.756 28.56 0.33086
17.6656 13.8284 28.64 0.351236
18 74
16.0004 11.6564 18 0.16
15.928 11.6564 18 0.215794
15.8556 11.6564 18 0.215794
15.7832 11.6564 18 0.204778
15.7108 11.7288 18 0.215794
15.6384 11.8012 18.08 0.16
15.566 11.8012 18 0.215794
15.4936 11.8012 18 0.204778
15.4212 11.8736 18.08 0.215794
15.3488 11.946 18.08 0.215794
15.2764 11.946 18.08 0.215794
15.204 12.0184 18.16 0.215794
15.1316 12.0908 18.24 0.215794
15.0592 12.1632 18.32 0.215794
14.9868 12.2356 18.4 0.204778
14.9144 12.308 18.48 0.259873
14.9868 12.3804 18.56 0.215794
14.9144 12.4528 18.56 0.215794
14.9144 12.5252 18.64 0.215794
14.9144 12.5976 18.64 0.215794
14.9868 12.67 18.72 0.16
15.0592 12.7424 18.72 0.1448
15.0592 12.8148 18.72 0.16
15.0592 12.8872 18.72 0.16
14.9868 12.9596 18.64 0.215794
15.0592 13.032 18.64 0.215794
15.0592 13.1044 18.56 0.215794
15.1316 13.1768 18.56 0.215794
15.1316 13.2492 18.48 0.259873
15.204 13.3216 18.48 0.204778
15.2764 13.394 18.4 0.215794
15.3488 13.394 18.4 0.215794
15.4212 13.4664 18.32 0.215794
15.4936 13.4664 18.32 0.215794
15.566 13.394 18.32 0.259873
15.6384 13.394 18.32 0.204778
15.7108 13.3216 18.32 0.215794
15.7832 13.3216 18.4 0.16
15.8556 13.2492 18.4 0.16
15.8556 13.1768 18.4 0.16
15.7832 13.1044 18.4 0.215794
15.8556 13.032 18.4 0.215794
15.7832 12.9596 18.4 0.204778
15.8556 12.8872 18.48 0.215794
15.8556 12.8148 18.56 0.215794
15.8556 12.7424 18.64 0.259873
15.928 12.67 18.72 0.204778
15.928 12.67 18.8 0.215794
16.0004 12.5976 18.88 0.259873
16.0728 12.5976 18.96 0.259873
16.1452 12.5976 19.04 0.215794
16.2176 12.67 19.12 0.204778
16.29 12.7424 19.2 0.215794
16.29 12.8148 19.28 0.215794
16.3624 12.8872 19.28 0.215794
16.4348 12.9596 19.36 0.1448
16.3624 13.032 19.36 0.215794
16.3624 13.1044 19.36 0.215794
16.4348 13.1768 19.44 0.1448
16.3624 13.2492 19.44 0.215794
16.29 13.3216 19.44 0.259873
16.29 13.394 19.44 0.259873
16.29 13.4664 19.44 0.215794
16.2176 13.5388 19.44 0.259873
16.1452 13.6112 19.44 0.259873
16.0728 13.6836 19.44 0.215794
16.0004 13.756 19.36 0.259873
15.928 13.8284 19.36 0.215794
15.8556 13.8284 19.28 0.215794
15.7832 13.9008 19.28 0.215794
15.7108 13.9008 19.28 0.16
15.6384 13.9008 19.2 0.215794
15.566 13.9008 19.28 0.215794
15.4936 13.9732 19.36 0.215794
19 52
15.4936 14.0456 19.44 0.32
15.566 14.118 19.52 0.215794
15.6384 14.118 19.6 0.215794
15.7108 14.1904 19.68 0.215794
15.7832 14.1904 19.76 0.259873
15.7832 14.1904 19.84 0.259873
15.8556 14.1904 19.92 0.259873
15.8556 14.1904 20 0.2896
15.8556 14.118 20.08 0.2896
15.8556 14.118 20.16 0.2896
15.8556 14.118 20.24 0.259873
15.8556 14.0456 20.32 0.259873
15.928 14.0456 20.4 0.259873
15.8556 13.9732 20.48 0.259873
15.8556 13.9732 20.56 0.259873
15.8556 13.9008 20.64 0.2896
15.8556 13.8284 20.72 0.259873
15.7832 13.8284 20.8 0.2896
15.7832 13.756 20.88 0.2896
15.7108 13.756 20.96 0.2896
15.7108 13.6836 21.04 0.2896
15.6384 13.6836 21.12 0.2896
15.566 13.6112 21.2 0.2896
15.566 13.6836 21.28 0.259873
15.4936 13.6112 21.36 0.323783
15.4212 13.6112 21.44 0.259873
15.3488 13.6112 21.44 0.259873
15.2764 13.6112 21.52 0.259873
15.204 13.6112 21.6 0.259873
15.1316 13.6112 21.6 0.259873
15.0592 13.6836 21.68 0.215794
14.9868 13.6836 21.68 0.259873
14.9144 13.6836 21.68 0.32
14.842 13.6836 21.68 0.32
14.7696 13.6836 21.68 0.259873
14.6972 13.756 21.76 0.215794
14.6248 13.756 21.76 0.259873
14.5524 13.756 21.76 0.32
14.48 13.756 21.76 0.32
14.4076 13.6836 21.84 0.259873
14.3352 13.6836 21.84 0.2896
14.2628 13.756 21.84 0.259873
14.1904 13.6836 21.92 0.2896
14.118 13.6836 22 0.2896
14.0456 13.6836 22.08 0.259873
13.9732 13.6836 22.16 0.323783
13.9008 13.6836 22.24 0.323783
13.9008 13.6836 22.32 0.323783
13.8284 13.6112 22.4 0.323783
13.756 13.6112 22.48 0.361158
13.756 13.6112 22.56 0.409556
13.756 13.6112 22.64 0.409556
20 148
15.928 14.2628 21.68 0.409556
16.0004 14.1904 21.76 0.409556
16.0004 14.1904 21.84 0.33086
16.0728 14.118 21.92 0.361158
16.1452 14.118 22 0.361158
16.1452 14.118 22.08 0.409556
16.1452 14.118 22.16 0.409556
16.2176 14.0456 22.24 0.409556
16.2176 14.0456 22.32 0.409556
16.2176 14.0456 22.4 0.409556
16.2176 14.0456 22.48 0.409556
16.2176 14.0456 22.56 0.409556
16.2176 13.9732 22.64 0.409556
16.2176 13.9732 22.72 0.4397
16.2176 13.9732 22.8 0.409556
16.2176 13.9732 22.88 0.409556
16.1452 13.9732 22.96 0.409556
16.1452 13.9732 23.04 0.4397
16.1452 13.9732 23.12 0.409556
16.1452 13.9732 23.2 0.361158
16.0728 13.9732 23.28 0.409556
16.0728 13.9732 23.36 0.409556
16.0004 13.9732 23.44 0.409556
16.0004 13.9732 23.52 0.409556
16.0004 13.9732 23.6 0.431588
15.928 13.9732 23.68 0.4397
15.928 13.9732 23.76 0.431588
15.8556 13.9732 23.84 0.409556
15.8556 14.0456 23.92 0.431588
15.7832 14.0456 24 0.455231
15.7832 14.0456 24.08 0.431588
15.7108 14.0456 24.16 0.409556
15.7108 14.118 24.24 0.431588
15.6384 14.118 24.32 0.409556
15.6384 14.118 24.4 0.323783
15.566 14.1904 24.48 0.33086
15.4936 14.2628 24.56 0.431588
15.4936 14.2628 24.64 0.351236
15.4212 14.3352 24.72 0.431588
15.3488 14.3352 24.8 0.431588
15.2764 14.3352 24.88 0.431588
15.204 14.4076 24.96 0.409556
15.204 14.4076 25.04 0.431588
15.1316 14.4076 25.12 0.361158
15.1316 14.4076 25.2 0.323783
15.1316 14.4076 25.28 0.33086
15.0592 14.3352 25.36 0.379913
15.0592 14.3352 25.44 0.323783
15.0592 14.3352 25.52 0.351236
15.0592 14.2628 25.6 0.33086
15.1316 14.1904 25.68 0.351236
15.1316 14.118 25.76 0.33086
15.204 14.0456 25.84 0.409556
15.2764 14.0456 25.84 0.431588
15.3488 13.9732 25.84 0.431588
15.4212 13.9008 25.92 0.409556
15.4936 13.9008 25.92 0.431588
15.566 13.8284 25.92 0.455231
15.6384 13.756 25.92 0.409556
15.7108 13.6836 25.92 0.379913
15.7832 13.6112 25.92 0.379913
15.8556 13.6112 25.92 0.455231
15.928 13.5388 25.92 0.409556
16.0004 13.5388 25.92 0.431588
16.0728 13.4664 25.92 0.379913
16.1452 13.4664 25.92 0.361158
16.2176 13.394 25.92 0.409556
16.29 13.394 25.92 0.351236
16.3624 13.3216 26 0.351236
16.3624 13.2492 26 0.351236
16.4348 13.1768 26 0.351236
16.5072 13.1044 26 0.32
16.5796 13.032 26.08 0.32
16.652 12.9596 26.08 0.32
16.652 12.8872 26.08 0.32
16.7244 12.8148 26.16 0.2896
16.7968 12.8148 26.16 0.32
16.8692 12.7424 26.24 0.323783
16.9416 12.7424 26.32 0.33086
17.014 12.7424 26.4 0.33086
17.014 12.67 26.48 0.323783
17.014 12.67 26.56 0.361158
17.014 12.67 26.64 0.323783
17.014 12.67 26.72 0.409556
17.014 12.67 26.8 0.409556
17.014 12.67 26.88 0.409556
17.014 12.67 26.96 0.409556
17.014 12.67 27.04 0.409556
17.014 12.67 27.12 0.409556
17.014 12.67 27.2 0.409556
17.014 12.67 27.28 0.409556
17.014 12.67 27.36 0.409556
17.014 12.67 27.44 0.33086
17.014 12.7424 27.52 0.361158
17.0864 12.7424 27.6 0.361158
17.0864 12.7424 27.68 0.323783
17.014 12.8148 27.76 0.323783
17.014 12.8148 27.84 0.323783
17.014 12.8148 27.92 0.33086
17.0864 12.7424 28 0.2896
17.014 12.7424 28.08 0.33086
17.014 12.67 28.16 0.32
17.014 12.5976 28.16 0.351236
17.014 12.5252 28.16 0.351236
16.9416 12.4528 28.16 0.351236
16.8692 12.3804 28.16 0.33086
16.9416 12.308 28.16 0.351236
16.8692 12.2356 28.08 0.409556
16.8692 12.1632 28 0.361158
16.8692 12.0908 28 0.33086
16.7968 12.0184 28 0.431588
16.7968 11.946 28 0.431588
16.7968 11.8736 28 0.361158
16.7968 11.8012 28 0.33086
16.7968 11.7288 28 0.33086
16.7968 11.6564 27.92 0.323783
16.7968 11.584 27.92 0.2896
16.8692 11.5116 27.92 0.351236
16.8692 11.4392 27.92 0.361158
16.9416 11.3668 28 0.351236
17.014 11.3668 28 0.33086
17.0864 11.2944 28.08 0.33086
17.1588 11.3668 28.08 0.323783
17.2312 11.3668 28.16 0.33086
17.3036 11.4392 28.24 0.431588
17.376 11.5116 28.32 0.351236
17.376 11.584 28.32 0.351236
17.376 11.6564 28.4 0.33086
17.4484 11.7288 28.4 0.351236
17.4484 11.8012 28.4 0.32
17.376 11.8736 28.4 0.32
17.376 11.946 28.4 0.32
17.376 12.0184 28.48 0.351236
17.3036 12.0908 28.56 0.33086
17.2312 12.1632 28.56 0.351236
17.1588 12.2356 28.64 0.323783
17.1588 12.308 28.64 0.351236
17.0864 12.3804 28.72 0.351236
17.014 12.4528 28.72 0.351236
16.9416 12.5252 28.8 0.351236
16.8692 12.5252 28.8 0.361158
16.7968 12.5976 28.88 0.351236
16.7244 12.5976 28.88 0.33086
16.652 12.67 28.88 0.33086
16.5796 12.67 28.88 0.351236
16.5072 12.67 28.96 0.351236
16.4348 12.67 28.96 0.33086
16.3624 12.67 29.04 0.33086
21 122
29.3944 18.824 10.4 0.501365
29.322 18.7516 10.48 0.560596
29.2496 18.7516 10.48 0.560596
29.1772 18.7516 10.56 0.501365
29.1048 18.6792 10.56 0.647382
29.0324 18.6792 10.56 0.560596
28.96 18.6068 10.64 0.560596
28.8876 18.6792 10.64 0.647382
28.8152 18.6792 10.64 0.647382
28.7428 18.6068 10.72 0.647382
28.6704 18.6068 10.72 0.647382
28.598 18.6792 10.72 0.647382
28.5256 18.6068 10.8 0.647382
28.4532 18.6068 10.8 0.63098
28.3808 18.6068 10.88 0.647382
28.3084 18.6068 10.88 0.663378
28.236 18.5344 10.96 0.663378
28.1636 18.5344 10.96 0.709205
28.0912 18.5344 10.96 0.702473
28.0188 18.5344 11.04 0.702473
27.9464 18.5344 11.04 0.702473
27.874 18.5344 11.12 0.77962
27.8016 18.5344 11.2 0.709205
27.7292 18.5344 11.2 0.77962
27.6568 18.5344 11.28 0.709205
27.5844 18.5344 11.28 0.692681
27.512 18.5344 11.36 0.600893
27.4396 18.5344 11.36 0.612349
27.3672 18.5344 11.44 0.663378
27.2948 18.5344 11.44 0.647382
27.2224 18.5344 11.52 0.5792
27.15 18.5344 11.52 0.647382
27.0776 18.5344 11.52 0.647382
27.0052 18.5344 11.52 0.647382
26.9328 18.5344 11.6 0.5792
26.8604 18.5344 11.6 0.634828
26.788 18.5344 11.68 0.647382
26.7156 18.6068 11.76 0.647382
26.6432 18.6068 11.76 0.647382
26.5708 18.6068 11.76 0.647382
26.4984 18.6068 11.76 0.663378
26.426 18.6792 11.84 0.656176
26.3536 18.6792 11.84 0.661719
26.2812 18.6792 11.84 0.709205
26.2088 18.7516 11.84 0.656176
26.1364 18.7516 11.84 0.64
26.064 18.824 11.84 0.64
25.9916 18.824 11.92 0.64
25.9192 18.824 11.92 0.64
25.8468 18.8964 11.92 0.64
25.7744 18.8964 11.92 0.578995
25.702 18.9688 11.92 0.53954
25.6296 18.9688 11.92 0.560596
25.5572 18.9688 11.92 0.519746
25.4848 19.0412 12 0.455231
25.4124 19.0412 12 0.431588
25.34 19.0412 12 0.431588
25.2676 19.0412 12 0.431588
25.1952 19.1136 12 0.431588
25.1228 19.0412 12.08 0.431588
25.0504 19.0412 12.08 0.431588
24.978 19.0412 12.08 0.361158
24.9056 19.1136 12.16 0.33086
24.8332 19.1136 12.16 0.409556
24.7608 19.1136 12.24 0.351236
24.6884 19.186 12.24 0.351236
24.616 19.186 12.24 0.351236
24.5436 19.2584 12.24 0.351236
24.4712 19.2584 12.32 0.351236
24.3988 19.2584 12.32 0.33086
24.3264 19.3308 12.32 0.323783
24.254 19.3308 12.32 0.431588
24.1816 19.3308 12.32 0.431588
24.1092 19.3308 12.32 0.409556
24.0368 19.3308 12.32 0.323783
23.9644 19.4032 12.32 0.351236
23.892 19.4032 12.32 0.351236
23.8196 19.3308 12.4 0.351236
23.7472 19.3308 12.4 0.431588
23.6748 19.3308 12.4 0.431588
23.6024 19.3308 12.4 0.431588
23.53 19.2584 12.48 0.431588
23.4576 19.2584 12.48 0.501365
23.3852 19.2584 12.48 0.48
23.3128 19.2584 12.48 0.48
23.2404 19.2584 12.56 0.519746
23.168 19.2584 12.56 0.457898
23.0956 19.2584 12.64 0.462929
23.0232 19.186 12.56 0.53954
22.9508 19.186 12.56 0.53954
22.8784 19.186 12.56 0.485047
22.806 19.2584 12.64 0.462929
22.7336 19.2584 12.64 0.462929
22.6612 19.186 12.56 0.485047
22.5888 19.186 12.56 0.462929
22.5164 19.2584 12.56 0.462929
22.444 19.2584 12.56 0.462929
22.3716 19.2584 12.56 0.462929
22.2992 19.2584 12.56 0.501365
22.2268 19.2584 12.48 0.522084
22.1544 19.2584 12.48 0.647382
22.082 19.2584 12.48 0.614334
22.0096 19.3308 12.48 0.522084
21.9372 19.3308 12.48 0.64
21.8648 19.3308 12.48 0.614334
21.7924 19.4032 12.4 0.558633
21.72 19.4756 12.32 0.647382
21.6476 19.548 12.24 0.578995
21.6476 19.6204 12.16 0.614334
21.5752 19.6204 12.08 0.522084
21.5028 19.6928 12.08 0.522084
21.4304 19.7652 12 0.560596
21.358 19.7652 11.92 0.558633
21.2856 19.7652 11.84 0.647382
21.2132 19.7652 11.76 0.709205
21.1408 19.7652 11.68 0.709205
21.0684 19.8376 11.6 0.709205
20.996 19.8376 11.52 0.752245
20.9236 19.8376 11.44 0.773501
20.8512 19.91 11.36 0.863176
20.7788 19.91 11.28 0.819112
20.7064 19.9824 11.2 0.863176
22 57
21.2856 13.9008 18 0.1448
21.2856 13.9732 18 0.1448
21.2856 14.0456 18 0.16
21.2856 14.118 18.08 0.1448
21.2856 14.1904 18.16 0.1448
21.2856 14.2628 18.24 0.1448
21.2856 14.3352 18.24 0.16
21.2856 14.4076 18.32 0.1448
21.2856 14.48 18.4 0.215794
21.358 14.5524 18.48 0.1448
21.358 14.5524 18.56 0.204778
21.4304 14.6248 18.64 0.1448
21.5028 14.6248 18.72 0.1448
21.5028 14.5524 18.8 0.204778
21.5752 14.48 18.88 0.204778
21.6476 14.5524 18.96 0.1448
21.6476 14.48 19.04 0.1448
21.6476 14.4076 19.12 0.204778
21.6476 14.3352 19.2 0.215794
21.5752 14.3352 19.28 0.215794
21.5028 14.3352 19.36 0.16
21.4304 14.3352 19.36 0.16
21.358 14.3352 19.36 0.1448
21.2856 14.4076 19.28 0.1448
21.2132 14.48 19.2 0.1448
21.2132 14.5524 19.12 0.16
21.2132 14.6248 19.04 0.16
21.1408 14.6972 18.96 0.215794
21.1408 14.7696 18.96 0.16
21.1408 14.842 18.96 0.16
21.0684 14.9144 18.96 0.16
21.0684 14.9868 18.96 0.16
20.996 15.0592 18.96 0.16
20.9236 15.1316 18.96 0.16
20.8512 15.1316 19.04 0.16
20.7788 15.1316 19.12 0.16
20.7064 15.1316 19.2 0.16
20.7064 15.0592 19.28 0.16
20.7064 14.9868 19.36 0.16
20.7788 14.9144 19.36 0.16
20.8512 14.842 19.44 0.16
20.9236 14.7696 19.44 0.16
20.996 14.7696 19.44 0.16
21.0684 14.6972 19.44 0.16
21.1408 14.6972 19.44 0.16
21.2132 14.6248 19.44 0.16
21.2856 14.6248 19.44 0.16
21.358 14.6248 19.44 0.16
21.4304 14.5524 19.44 0.215794
21.5028 14.5524 19.44 0.215794
21.5752 14.5524 19.44 0.215794
21.6476 14.6248 19.52 0.16
21.72 14.6248 19.52 0.16
21.7924 14.5524 19.44 0.215794
21.8648 14.5524 19.52 0.215794
21.9372 14.48 19.52 0.323783
22.0096 14.48 19.52 0.409556
23 63
22.0096 14.48 19.52 0.409556
22.082 14.48 19.6 0.409556
22.082 14.48 19.68 0.409556
22.082 14.5524 19.76 0.409556
22.082 14.5524 19.84 0.409556
22.082 14.5524 19.92 0.409556
22.082 14.5524 20 0.409556
22.082 14.5524 20.08 0.409556
22.082 14.5524 20.16 0.351236
22.0096 14.48 20.24 0.351236
21.9372 14.48 20.32 0.323783
21.8648 14.4076 20.4 0.351236
21.8648 14.3352 20.48 0.351236
21.7924 14.2628 20.56 0.2896
21.7924 14.1904 20.64 0.2896
21.7924 14.118 20.72 0.2896
21.7924 14.0456 20.8 0.2896
21.8648 14.0456 20.88 0.259873
21.8648 13.9732 20.96 0.33086
21.9372 13.9008 21.04 0.351236
22.0096 13.9008 21.12 0.2896
22.082 13.8284 21.2 0.32
22.1544 13.8284 21.2 0.351236
22.2268 13.8284 21.28 0.32
22.2992 13.8284 21.28 0.2896
22.3716 13.8284 21.28 0.259873
22.444 13.8284 21.36 0.259873
22.5164 13.8284 21.36 0.2896
22.5888 13.8284 21.44 0.259873
22.6612 13.8284 21.44 0.2896
22.7336 13.9008 21.44 0.32
22.806 13.9008 21.52 0.2896
22.8784 13.9732 21.52 0.259873
22.9508 13.9732 21.6 0.33086
23.0232 13.9732 21.68 0.2896
23.0956 14.0456 21.76 0.33086
23.168 14.0456 21.84 0.2896
23.2404 14.118 21.92 0.323783
23.2404 14.118 22 0.323783
23.2404 14.1904 22.08 0.2896
23.3128 14.1904 22.16 0.33086
23.3128 14.2628 22.24 0.33086
23.3128 14.2628 22.32 0.2896
23.3128 14.3352 22.4 0.323783
23.3852 14.4076 22.48 0.2896
23.3852 14.4076 22.56 0.2896
23.3128 14.4076 22.64 0.323783
23.3128 14.48 22.72 0.33086
23.3128 14.5524 22.8 0.33086
23.3128 14.5524 22.88 0.409556
23.3128 14.5524 22.96 0.323783
23.3128 14.6248 23.04 0.409556
23.3128 14.6248 23.12 0.323783
23.3128 14.6972 23.2 0.323783
23.3128 14.6972 23.28 0.2896
23.3852 14.6972 23.36 0.2896
23.3852 14.7696 23.44 0.2896
23.3852 14.6972 23.52 0.2896
23.3852 14.6972 23.6 0.33086
23.3852 14.6972 23.68 0.323783
23.4576 14.6248 23.76 0.33086
23.4576 14.6248 23.84 0.431588
23.4576 14.6248 23.92 0.409556
24 21
18.1724 11.8736 28.88 0.16
18.2448 11.946 28.96 0.1448
18.2448 12.0184 29.04 0.1448
18.3172 12.0908 29.12 0.1448
18.3172 12.1632 29.2 0.1448
18.3896 12.2356 29.2 0.1448
18.462 12.308 29.28 0.1448
18.462 12.3804 29.36 0.1448
18.5344 12.4528 29.44 0.1448
18.6068 12.5252 29.44 0.16
18.6068 12.5976 29.44 0.204778
18.6792 12.67 29.52 0.215794
18.7516 12.67 29.52 0.215794
18.824 12.7424 29.6 0.215794
18.8964 12.8148 29.68 0.16
18.9688 12.8872 29.68 0.215794
19.0412 12.8872 29.68 0.215794
19.1136 12.9596 29.68 0.215794
19.186 12.9596 29.68 0.215794
19.2584 12.9596 29.6 0.259873
19.3308 13.032 29.52 0.351236
25 16
20.4892 12.7424 29.12 0.259873
20.4168 12.8148 29.2 0.204778
20.3444 12.8872 29.28 0.215794
20.272 12.8148 29.28 0.259873
20.1996 12.8872 29.36 0.215794
20.1272 12.8872 29.36 0.32
20.0548 12.9596 29.44 0.215794
19.9824 12.9596 29.44 0.259873
19.91 12.9596 29.44 0.215794
19.8376 13.032 29.52 0.215794
19.7652 13.032 29.52 0.259873
19.6928 13.032 29.52 0.32
19.6204 13.032 29.52 0.32
19.548 13.032 29.52 0.32
19.4756 13.032 29.52 0.32
19.4032 13.032 29.52 0.32
26 47
17.6656 13.8284 28.64 0.351236
17.738 13.8284 28.56 0.323783
17.8104 13.9008 28.64 0.215794
17.8828 13.9732 28.64 0.16
17.9552 13.9732 28.64 0.16
18.0276 13.9732 28.64 0.16
18.1 13.9732 28.64 0.16
18.1724 13.9732 28.64 0.16
18.2448 13.9732 28.56 0.215794
18.3172 13.9732 28.64 0.16
18.3896 13.9732 28.64 0.16
18.462 13.9008 28.64 0.16
18.462 13.8284 28.64 0.215794
18.5344 13.756 28.72 0.204778
18.6068 13.6836 28.8 0.204778
18.6792 13.6836 28.8 0.215794
18.7516 13.6112 28.88 0.215794
18.7516 13.6112 28.96 0.215794
18.824 13.5388 29.04 0.204778
18.8964 13.5388 29.12 0.204778
18.9688 13.5388 29.2 0.215794
19.0412 13.5388 29.2 0.215794
19.1136 13.5388 29.28 0.215794
19.186 13.6112 29.36 0.16
19.2584 13.6112 29.36 0.215794
19.3308 13.6112 29.36 0.215794
19.4032 13.6836 29.44 0.16
19.4756 13.756 29.52 0.1448
19.4756 13.8284 29.44 0.16
19.548 13.9008 29.44 0.1448
19.548 13.9732 29.44 0.16
19.548 14.0456 29.44 0.16
19.548 14.118 29.44 0.1448
19.6204 14.1904 29.36 0.1448
19.6204 14.2628 29.36 0.16
19.6204 14.3352 29.36 0.16
19.6204 14.4076 29.36 0.1448
19.6204 14.48 29.28 0.16
19.548 14.5524 29.2 0.204778
19.6204 14.6248 29.2 0.16
19.6204 14.6972 29.2 0.16
19.548 14.7696 29.12 0.215794
19.6204 14.842 29.12 0.16
19.548 14.9144 29.12 0.16
19.6204 14.9868 29.04 0.1448
19.6204 15.0592 29.04 0.16
19.6204 15.1316 28.96 0.16
27 39
15.8556 14.6972 28.56 0.16
15.8556 14.6248 28.64 0.16
15.928 14.5524 28.64 0.16
15.8556 14.48 28.64 0.204778
15.928 14.4076 28.72 0.16
15.928 14.3352 28.72 0.16
15.8556 14.2628 28.72 0.215794
15.928 14.1904 28.8 0.16
15.928 14.118 28.8 0.16
15.928 14.0456 28.88 0.1448
16.0004 13.9732 28.88 0.16
16.0004 13.9008 28.96 0.1448
16.0004 13.8284 28.96 0.16
16.0728 13.756 28.96 0.16
16.0728 13.6836 29.04 0.16
16.1452 13.6112 29.04 0.16
16.2176 13.5388 29.04 0.16
16.29 13.4664 29.12 0.1448
16.3624 13.4664 29.12 0.16
16.4348 13.394 29.12 0.1448
16.5072 13.394 29.12 0.16
16.5796 13.394 29.12 0.16
16.652 13.394 29.12 0.16
16.7244 13.4664 29.12 0.1448
16.7968 13.4664 29.12 0.16
16.8692 13.4664 29.2 0.1448
16.9416 13.4664 29.2 0.1448
17.014 13.5388 29.2 0.1448
17.0864 13.6112 29.2 0.1448
17.1588 13.6112 29.12 0.215794
17.2312 13.6836 29.2 0.16
17.3036 13.756 29.12 0.215794
17.3036 13.8284 29.12 0.215794
17.376 13.9008 29.04 0.215794
17.4484 13.9732 28.96 0.215794
17.5208 13.9732 28.88 0.215794
17.5932 13.9008 28.8 0.215794
17.5932 13.9008 28.72 0.259873
17.6656 13.8284 28.64 0.351236
28 30
15.0592 10.86 28.32 0.259873
15.1316 10.86 28.32 0.215794
15.204 10.9324 28.24 0.215794
15.2764 11.0048 28.24 0.16
15.3488 11.0772 28.24 0.1448
15.4212 11.1496 28.16 0.16
15.4936 11.222 28.16 0.16
15.4936 11.2944 28.16 0.16
15.4936 11.3668 28.24 0.1448
15.566 11.4392 28.24 0.1448
15.566 11.5116 28.24 0.16
15.6384 11.584 28.24 0.1448
15.566 11.6564 28.24 0.215794
15.566 11.7288 28.24 0.2896
15.6384 11.8012 28.32 0.215794
15.6384 11.8736 28.32 0.259873
15.6384 11.946 28.4 0.259873
15.6384 12.0184 28.4 0.259873
15.7108 12.0908 28.48 0.259873
15.7108 12.1632 28.56 0.259873
15.7832 12.2356 28.64 0.33086
15.8556 12.308 28.72 0.351236
15.8556 12.3804 28.8 0.259873
15.928 12.4528 28.8 0.259873
16.0004 12.4528 28.8 0.259873
16.0728 12.5252 28.88 0.32
16.1452 12.5252 28.88 0.259873
16.2176 12.5976 28.88 0.32
16.29 12.67 28.96 0.33086
16.3624 12.67 29.04 0.33086
29 27
18.0276 11.8736 28.72 0.16
17.9552 11.946 28.72 0.204778
17.9552 12.0184 28.8 0.16
17.8828 12.0184 28.88 0.1448
17.8104 12.0908 28.88 0.16
17.738 12.0908 28.96 0.16
17.6656 12.0908 28.96 0.215794
17.5932 12.1632 29.04 0.16
17.5208 12.1632 29.12 0.16
17.4484 12.1632 29.2 0.1448
17.376 12.1632 29.12 0.204778
17.3036 12.1632 29.2 0.215794
17.2312 12.2356 29.28 0.16
17.1588 12.2356 29.28 0.215794
17.0864 12.308 29.36 0.16
17.014 12.308 29.36 0.16
16.9416 12.3804 29.36 0.16
16.8692 12.3804 29.36 0.215794
16.7968 12.4528 29.36 0.16
16.7244 12.4528 29.36 0.215794
16.652 12.4528 29.36 0.215794
16.5796 12.5252 29.36 0.215794
16.5072 12.5976 29.28 0.215794
16.4348 12.67 29.28 0.215794
16.3624 12.67 29.2 0.215794
16.3624 12.67 29.12 0.259873
16.3624 12.67 29.04 0.33086
30 3
18.0276 11.8736 28.72 0.16
18.1 11.8012 28.8 0.1448
18.1724 11.8736 28.88 0.16
31 4
18.1724 11.6564 28.88 0.16
18.2448 11.7288 28.88 0.16
18.2448 11.8012 28.88 0.16
18.1724 11.8736 28.88 0.16
32 4
18.0276 11.6564 28.72 0.1448
18.1 11.7288 28.64 0.1448
18.0276 11.8012 28.64 0.215794
18.0276 11.8736 28.72 0.16
33 3
18.0276 11.6564 28.72 0.1448
18.1 11.6564 28.8 0.1448
18.1724 11.6564 28.88 0.16
34 16
18.1724 11.6564 28.88 0.16
18.2448 11.584 28.96 0.16
18.2448 11.5116 29.04 0.1448
18.2448 11.5116 29.12 0.1448
18.2448 11.5116 29.2 0.1448
18.2448 11.5116 29.28 0.1448
18.2448 11.5116 29.36 0.1448
18.1724 11.5116 29.44 0.204778
18.1724 11.584 29.52 0.204778
18.2448 11.6564 29.6 0.1448
18.2448 11.7288 29.68 0.16
18.2448 11.8012 29.76 0.16
18.2448 11.8012 29.84 0.1448
18.2448 11.8736 29.92 0.16
18.2448 11.8736 30 0.1448
18.1724 11.946 30.08 0.16
35 21
18.0276 11.6564 28.72 0.1448
17.9552 11.584 28.64 0.204778
17.9552 11.5116 28.72 0.215794
17.9552 11.4392 28.8 0.215794
17.9552 11.3668 28.88 0.204778
17.9552 11.3668 28.96 0.1448
18.0276 11.2944 29.04 0.16
18.0276 11.222 29.12 0.1448
18.1 11.222 29.2 0.16
18.1 11.222 29.28 0.1448
18.1 11.222 29.36 0.1448
18.1724 11.222 29.44 0.16
18.1724 11.222 29.52 0.1448
18.1724 11.2944 29.6 0.16
18.1724 11.3668 29.68 0.16
18.1724 11.4392 29.76 0.16
18.1724 11.4392 29.84 0.1448
18.1724 11.5116 29.92 0.16
18.1724 11.5116 30 0.1448
18.1724 11.584 30.08 0.16
18.1724 11.584 30.16 0.1448
