13.100157509530957 15.245879104751296 22.270237067493838 0.2621998908462426
13.158111581954936 15.169639423140035 22.29812855664878 0.3577556489296501
13.221796228851295 15.093532589005735 22.324519740452956 0.3982698526901896
13.29010003093437 15.018077279472534 22.349776251386622 0.32153409119752424
13.361979645524258 14.943752659168153 22.374241915230456 0.2662210171198314
13.436458212821366 14.870999400603244 22.398239214094804 0.22827555377870026
13.512623762180953 14.800220704550645 22.422069749448905 0.20583472852775206
13.5896276183877 14.7317833204248 22.446014705150244 0.1983620184266917
13.666682807930295 14.66601856666103 22.470335310473754 0.20567970607206626
13.743062465275962 14.603223351094917 22.49527330314114 0.22742936103678857
13.818098239144996 14.543661191341535 22.521051392350067 0.2633683123427561
13.891178698785382 14.48756323517489 22.547873721803516 0.31402732509493725
13.96174774024732 14.43512928090721 22.575926332739005 0.3811353186216325
14.02930299265778 14.38652879776822 22.60537762695786 0.46774957874143136
14.093394224495059 14.341901946284567 22.636378829854493 0.5782218294843878
14.153621749863378 14.301360598659082 22.669064453445692 0.7179855934322831
14.209634834767398 14.264989359150142 22.70355275939985 0.8929374310161617
14.26113010338678 14.232846584450964 22.73994622206624 1.1079656289473874
14.307849944350773 14.20496540406899 22.77833199150432 1.3640178228581996
14.349580917012746 14.181354740705167 22.81878235651296 1.6533030811726006
14.386152157724766 14.162000330633289 22.86135520765973 1.9534719253000241
14.41743378611215 14.146865744079358 22.906094500310182 2.224433612045213
14.443335311348005 14.135893405600862 22.953030717657075 2.414204184545381
14.463804038427842 14.12900561446617 23.002181333749732 2.4773161783467574
14.478823474444045 14.126105565033772 23.053551276523166 2.397512418226857
14.488411734860522 14.127078367131707 23.10713339082751 2.1968786454078493
14.49261994978721 14.131792066436814 23.16290890145714 1.923065398425895
14.49153067025464 14.140098664854117 23.220847876180077 1.6263556642569248
14.485256274488517 14.151835140896118 23.28090968876715 1.3435572016445023
14.473937374184263 14.16682447006216 23.343043482021326 1.0942333246678453
14.457741220781582 14.184876645217717 23.407188630806964 0.8845908759365468
14.436860111738993 14.205789696973746 23.473275205079048 0.7130818174144568
14.411509796808431 14.229350714066026 23.541224432912507 0.5747405010023335
14.381927884309782 14.255336863734472 23.61094916353147 0.46374023810803994
14.348372247405438 14.283516412102477 23.682354330338526 0.374621548178517
14.311119430374879 14.313649744556217 23.755337413943984 0.30274833053281264
14.270463054889206 14.345490386124025 23.829788905195176 0.24438598656624627
14.226712226285713 14.378786021855676 23.90559276820569 0.19662875307024347
14.180189939842434 14.413279517201733 23.982626903384645 0.15729565608120535
14.131231487052716 14.448709938392891 24.060763610465965 0.1248617881992889
14.08018286189978 14.484813572819284 24.139870051537677 0.09847985236562709
14.027399167131271 14.521324949409838 24.219808714071128 0.07815214857907955
13.973243020533802 14.557977859011581 24.300437873950294 0.06499384191381712
13.918082961207567 14.594506374768985 24.381612058501034 0.060834775173231735
13.862291855840812 14.630645872503282 24.463182509520344 0.0661224944321513
13.806245304984486 14.666134051091813 24.54499764630566 0.07886443239171857
13.750320049326728 14.700711952847337 24.62690352868408 0.09675802232288548
13.694892375967475 14.734124983897381 24.70874432004168 0.11861083000776154
13.640336524692994 14.766123934563566 24.79036275035278 0.1441973858090862
13.587023094250455 14.796465999740914 24.87160057920916 0.17389362546680703
13.535317448622475 14.824915799277212 24.952299058849402 0.20848293802658696
13.485578123301687 14.851246398352307 25.032299397188087 0.2490926066296025
13.438155231565299 14.875240327857474 25.11144322084512 0.29719868749686973
13.393388870749652 14.896690604774713 25.189573038174988 0.3546636774704143
13.351607528524777 14.915401752556091 25.266532702295983 0.4237822717472416
13.313126489168951 14.931190821503085 25.34216787411955 0.5073057182850075
13.278246239843263 14.943888409145876 25.416326485379475 0.6083955394742401
13.247250876866168 14.95333968062272 25.488859201661217 0.7304203901819999
13.220406511988053 14.959405389059262 25.559619885431143 0.8764553498475406
13.197959678665772 14.961962895947842 25.628466059065794 1.0482863319126863
13.180135738337247 14.960907191526871 25.695259367881192 1.244721921683114
13.16713728669599 14.956151915160126 25.75986604316206 1.4592078724523063
13.15914255996567 14.947630375716088 25.822157365191117 1.677325287953879
13.156303841174687 14.935296571947271 25.882010126278352 1.875768717932757
13.158745866430717 14.919126212869566 25.939307093790283 2.0251817691248686
13.166564231195267 14.899117738141545 25.993937473179205 2.0981648003236586
13.179823796558251 14.875293338443816 26.0457973710125 2.079907197452681
13.198557095512529 14.847699975858333 26.0947902580019 1.9749971538685411
13.222762739228491 14.81641040424775 26.14082743203271 1.8053074016758455
13.252403823328587 14.78152418963472 26.183828481193135 1.6005764006192575
13.287406334161899 14.743168730581246 26.223721746803516 1.3882669523598667
13.327657555078709 14.701500278568005 26.260444786445596 1.1878156382416625
13.373004472705047 14.656704958373679 26.293944836991813 1.0098370141515205
13.423252183217244 14.608999788454284 26.324179277634556 0.8581260044108846
13.478162298616507 14.558633701322496 26.351116092915404 0.7322830857877941
13.537451353003469 14.50588856392699 26.374734335754475 0.6298420848770514
13.600789208852746 14.45108019803176 26.395024590479593 0.5476448498089986
13.6677974632875 14.394559400595456 26.41198943585564 0.48259919616732827
13.738047854353997 14.33671296415071 26.425643908113788 0.43203978017141287
13.811060667296163 14.277964697183464 26.43601596398075 0.3938732860005451
13.886303140830147 14.218776444512311 26.443146943708108 0.3666304199927577
13.963187873418876 14.159649107667803 26.44709203410151 0.349503658240614
14.041071229546615 14.101123665271803 26.44792073154999 0.34242907275106615
14.11925174599353 14.043782193416808 26.445717305055222 0.34627439522197473
14.196968538110243 13.988248886045273 26.440581259260792 0.363231545716171
14.27339970609239 13.935191075328945 26.43262779748145 0.3976070331280442
14.347660741255178 13.885320252048187 26.421988284732407 0.45743333658880836
14.418802932307951 13.839393085971322 26.40881071075857 0.5578987394021124
14.48581177162875 13.798212446233956 26.39326015306385 0.7291312378970255
14.547605361538855 13.762628421718293 26.375519239940388 1.0353345920406585
14.603032820577358 13.733539341432486 26.355788613497868 1.626249473141075
14.650872689775735 13.711892794889966 26.334287392692755 2.886828028505142
14.689831338932365 13.698686652488746 26.311253636357563 5.857296430027116
14.718541372887131 13.694970085890787 26.286944806230157 12.571672383771949
14.735560037795956 13.701844588401297 26.261638229982974 13.743884640905664
14.739367627405365 13.720464995348081 26.235631564252333 8.055389248830322
